+----+----+----+----+----+----+----+----+----+----+
|  21|  52|    |  39|  71|  53|  73|  24|  38|  55|
+----+----+----+----+----+----+----+----+----+----+
|   6|  20|    |  40|  60|  62|  46|    |  64|   8|
+----+----+----+----+----+----+----+----+----+----+
|    |    |  75|  26|    |  34|   3|  47|  67|  79|
+----+----+----+----+----+----+----+----+----+----+
|  68|  56|    |   2|    |  42|    |  80|   1|  14|
+----+----+----+----+----+----+----+----+----+----+
|  49|  78|  72|  43|  57|  29|  48|  35|   4|  50|
+----+----+----+----+----+----+----+----+----+----+
|  61|  66|    |   9|  30|  36|  28|   7|    |    |
+----+----+----+----+----+----+----+----+----+----+
|  37|  27|    |  76|    |    |  18|  12|  70|    |
+----+----+----+----+----+----+----+----+----+----+
|  69|  58|  54|  22|  65|  33|  11|    |  51|   5|
+----+----+----+----+----+----+----+----+----+----+
|  77|  45|  15|  10|  25|  16|  41|    |  31|  23|
+----+----+----+----+----+----+----+----+----+----+
|  13|  59|    |  19|  17|  74|  63|  32|  44|    |
+----+----+----+----+----+----+----+----+----+----+
