80 10 10
1
4 9 4 9 ; 1 9 1 9 ; 3 6 3 6 ; 7 6 7 6 ; 4 2 4 2 ; 3 3 3 3 ; 9 10 9 10 ; 7 6 7 6 ; 7 4 7 4 ; 6 5 6 5 ; 1 9 1 9 ; 9 7 9 7 ; 5 10 5 10 ; 5 3 5 3 ; 6 1 6 1 ; 1 4 1 4 ; 1 1 1 1 ; 2 5 2 5 ; 7 8 7 8 ; 10 2 10 2 ; 9 4 9 4 ; 4 8 4 8 ; 3 2 3 2 ; 3 2 3 2 ; 6 1 6 1 ; 8 6 8 6 ; 9 9 9 9 ; 4 5 4 5 ; 8 8 8 8 ; 8 5 8 5 ; 1 8 1 8 ; 8 3 8 3 ; 9 9 9 9 ; 7 5 7 5 ; 6 7 6 7 ; 8 5 8 5 ; 2 4 2 4 ; 4 7 4 7 ; 5 6 5 6 ; 8 2 8 2 ; 8 7 8 7 ; 9 8 9 8 ; 5 2 5 2 ; 3 4 3 4 ; 2 10 2 10 ; 9 4 9 4 ; 7 8 7 8 ; 6 7 6 7 ; 7 2 7 2 ; 3 4 3 4 ; 10 1 10 1 ; 10 2 10 2 ; 4 3 4 3 ; 10 8 10 8 ; 1 9 1 9 ; 2 8 2 8 ; 5 10 5 10 ; 6 2 6 2 ; 2 10 2 10 ; 7 5 7 5 ; 9 5 9 5
67
46 63 57
2
10 10 10 10 ; 8 8 8 8 ; 6 10 6 10 ; 8 6 8 6 ; 3 3 3 3 ; 10 2 10 2 ; 3 10 3 10 ; 10 4 10 4 ; 10 6 10 6 ; 3 5 3 5 ; 9 6 9 6 ; 6 6 6 6 ; 2 4 2 4 ; 2 1 2 1 ; 2 6 2 6 ; 5 7 5 7 ; 8 5 8 5 ; 5 4 5 4 ; 4 4 4 4 ; 9 8 9 8 ; 7 8 7 8 ; 1 1 1 1 ; 10 10 10 10 ; 6 9 6 9 ; 7 8 7 8 ; 5 6 5 6 ; 6 10 6 10 ; 1 7 1 7 ; 5 2 5 2 ; 8 6 8 6 ; 8 4 8 4 ; 3 5 3 5 ; 10 7 10 7 ; 10 5 10 5 ; 2 8 2 8 ; 2 10 2 10 ; 8 2 8 2 ; 10 9 10 9 ; 3 7 3 7 ; 7 10 7 10 ; 5 3 5 3 ; 5 2 5 2 ; 4 7 4 7 ; 10 8 10 8 ; 10 9 10 9 ; 3 7 3 7 ; 3 7 3 7 ; 4 4 4 4 ; 5 3 5 3 ; 9 7 9 7 ; 3 10 3 10 ; 6 2 6 2 ; 4 8 4 8 ; 2 8 2 8 ; 4 8 4 8 ; 7 10 7 10 ; 2 3 2 3 ; 3 5 3 5 ; 1 3 1 3 ; 4 1 4 1 ; 1 8 1 8
-
57 56 3 60 25
3
3 7 3 7 ; 9 9 9 9 ; 7 7 7 7 ; 7 1 7 1 ; 8 5 8 5 ; 4 3 4 3 ; 2 5 2 5 ; 1 7 1 7 ; 4 9 4 9 ; 7 7 7 7 ; 4 9 4 9 ; 1 4 1 4 ; 1 6 1 6 ; 4 4 4 4 ; 3 5 3 5 ; 8 7 8 7 ; 8 8 8 8 ; 8 4 8 4 ; 4 6 4 6 ; 6 4 6 4 ; 10 1 10 1 ; 6 1 6 1 ; 7 8 7 8 ; 10 2 10 2 ; 9 6 9 6 ; 8 2 8 2 ; 6 10 6 10 ; 5 9 5 9 ; 5 1 5 1 ; 2 8 2 8 ; 5 1 5 1 ; 6 4 6 4 ; 9 3 9 3 ; 10 4 10 4 ; 9 5 9 5 ; 7 10 7 10 ; 8 5 8 5 ; 3 4 3 4
-
78
4
5 9 5 9 ; 9 5 9 5 ; 3 4 3 4 ; 5 10 5 10 ; 2 9 2 9 ; 2 5 2 5 ; 8 8 8 8 ; 6 4 6 4 ; 1 6 1 6 ; 8 10 8 10 ; 9 8 9 8 ; 7 6 7 6 ; 8 4 8 4 ; 2 10 2 10 ; 9 5 9 5 ; 1 6 1 6 ; 7 9 7 9 ; 1 1 1 1 ; 4 5 4 5 ; 10 8 10 8 ; 5 3 5 3 ; 2 3 2 3 ; 10 9 10 9 ; 8 1 8 1 ; 4 5 4 5 ; 2 3 2 3 ; 3 8 3 8 ; 10 2 10 2 ; 3 1 3 1 ; 3 2 3 2 ; 5 3 5 3 ; 7 3 7 3 ; 3 9 3 9 ; 4 8 4 8 ; 3 5 3 5 ; 5 10 5 10 ; 8 9 8 9 ; 2 9 2 9 ; 7 9 7 9 ; 1 3 1 3 ; 5 3 5 3 ; 7 9 7 9 ; 2 6 2 6 ; 10 5 10 5 ; 8 2 8 2 ; 8 4 8 4 ; 6 6 6 6 ; 7 10 7 10
1
47 8 70 61 66 34
5
10 5 10 5 ; 8 2 8 2 ; 8 7 8 7 ; 2 9 2 9 ; 6 9 6 9 ; 9 8 9 8 ; 3 4 3 4 ; 10 9 10 9 ; 2 4 2 4 ; 4 4 4 4 ; 8 1 8 1 ; 5 7 5 7 ; 4 3 4 3 ; 2 2 2 2 ; 2 6 2 6 ; 3 9 3 9 ; 5 3 5 3 ; 3 2 3 2 ; 9 4 9 4 ; 3 4 3 4 ; 4 1 4 1 ; 4 6 4 6 ; 6 3 6 3 ; 4 10 4 10 ; 8 9 8 9 ; 3 7 3 7 ; 9 9 9 9 ; 3 5 3 5 ; 1 5 1 5 ; 6 3 6 3 ; 10 1 10 1 ; 3 6 3 6 ; 3 5 3 5 ; 8 1 8 1 ; 1 10 1 10 ; 7 4 7 4 ; 2 10 2 10 ; 2 10 2 10 ; 4 5 4 5 ; 9 2 9 2 ; 4 3 4 3 ; 8 4 8 4 ; 1 3 1 3 ; 8 4 8 4 ; 7 6 7 6 ; 6 8 6 8 ; 8 10 8 10 ; 4 10 4 10 ; 7 1 7 1 ; 2 7 2 7 ; 2 10 2 10 ; 2 5 2 5 ; 1 3 1 3 ; 4 7 4 7 ; 10 2 10 2 ; 10 5 10 5 ; 4 9 4 9 ; 10 7 10 7 ; 1 8 1 8 ; 10 7 10 7 ; 5 7 5 7 ; 5 2 5 2 ; 6 10 6 10 ; 3 2 3 2 ; 2 6 2 6 ; 10 3 10 3
23
67 57 24 46
6
2 1 2 1 ; 3 6 3 6 ; 7 4 7 4 ; 5 3 5 3 ; 10 4 10 4 ; 3 6 3 6 ; 4 2 4 2 ; 5 3 5 3 ; 6 3 6 3 ; 9 9 9 9 ; 8 8 8 8 ; 3 2 3 2 ; 9 10 9 10 ; 1 3 1 3 ; 7 4 7 4 ; 1 7 1 7 ; 2 3 2 3 ; 2 10 2 10 ; 9 7 9 7 ; 3 8 3 8 ; 2 5 2 5 ; 5 7 5 7 ; 6 1 6 1 ; 9 3 9 3 ; 3 7 3 7 ; 1 10 1 10 ; 6 5 6 5 ; 1 4 1 4 ; 4 4 4 4 ; 6 1 6 1 ; 7 9 7 9 ; 9 10 9 10 ; 1 10 1 10 ; 10 9 10 9 ; 8 2 8 2 ; 6 1 6 1 ; 6 2 6 2 ; 8 3 8 3 ; 2 6 2 6 ; 5 4 5 4 ; 5 7 5 7 ; 6 10 6 10 ; 1 6 1 6 ; 6 6 6 6 ; 1 3 1 3 ; 6 8 6 8 ; 1 6 1 6 ; 9 4 9 4 ; 6 8 6 8 ; 2 5 2 5 ; 1 10 1 10 ; 6 8 6 8
21
32 11 17 61 53 7 19
7
10 7 10 7 ; 6 8 6 8 ; 6 2 6 2 ; 3 6 3 6 ; 4 1 4 1 ; 3 10 3 10 ; 1 7 1 7 ; 7 10 7 10 ; 8 3 8 3 ; 9 3 9 3 ; 10 6 10 6 ; 4 4 4 4 ; 9 5 9 5 ; 9 6 9 6 ; 6 3 6 3 ; 6 10 6 10 ; 3 1 3 1 ; 9 8 9 8 ; 5 2 5 2 ; 5 8 5 8 ; 4 9 4 9 ; 9 4 9 4 ; 6 6 6 6 ; 6 5 6 5 ; 8 4 8 4 ; 7 9 7 9 ; 1 2 1 2 ; 2 9 2 9 ; 7 3 7 3 ; 7 4 7 4 ; 5 2 5 2 ; 3 9 3 9 ; 4 1 4 1 ; 9 8 9 8 ; 4 5 4 5 ; 8 7 8 7 ; 4 8 4 8 ; 3 1 3 1 ; 3 10 3 10 ; 7 2 7 2 ; 5 5 5 5 ; 10 7 10 7 ; 6 4 6 4 ; 8 4 8 4 ; 6 4 6 4 ; 7 2 7 2 ; 5 1 5 1 ; 3 10 3 10 ; 4 1 4 1 ; 10 7 10 7 ; 7 9 7 9 ; 6 2 6 2 ; 6 10 6 10
12
79 56 15
8
2 10 2 10 ; 5 4 5 4 ; 4 1 4 1 ; 2 7 2 7 ; 8 7 8 7 ; 4 3 4 3 ; 4 5 4 5 ; 7 4 7 4 ; 9 9 9 9 ; 9 9 9 9 ; 8 8 8 8 ; 6 6 6 6 ; 3 7 3 7 ; 3 4 3 4 ; 1 3 1 3 ; 4 2 4 2 ; 5 10 5 10 ; 6 10 6 10 ; 10 9 10 9 ; 6 10 6 10 ; 5 1 5 1 ; 2 10 2 10 ; 7 1 7 1 ; 6 6 6 6 ; 9 4 9 4 ; 6 8 6 8 ; 1 3 1 3 ; 5 5 5 5 ; 2 7 2 7 ; 10 4 10 4 ; 10 3 10 3 ; 5 4 5 4 ; 4 2 4 2 ; 5 4 5 4 ; 10 2 10 2 ; 5 7 5 7 ; 2 6 2 6 ; 6 8 6 8 ; 8 3 8 3 ; 5 6 5 6 ; 7 1 7 1 ; 5 9 5 9 ; 5 9 5 9 ; 4 6 4 6 ; 6 3 6 3 ; 9 5 9 5 ; 8 4 8 4 ; 10 1 10 1 ; 5 4 5 4 ; 6 7 6 7 ; 7 10 7 10 ; 5 8 5 8
64
16 34 80 49 20 25
9
4 4 4 4 ; 4 3 4 3 ; 3 6 3 6 ; 7 1 7 1 ; 10 8 10 8 ; 6 6 6 6 ; 3 1 3 1 ; 6 9 6 9 ; 8 9 8 9 ; 10 10 10 10 ; 6 5 6 5 ; 6 4 6 4 ; 1 7 1 7 ; 10 8 10 8 ; 6 1 6 1 ; 6 1 6 1 ; 5 9 5 9 ; 5 9 5 9 ; 4 1 4 1 ; 10 4 10 4 ; 8 7 8 7 ; 1 2 1 2 ; 7 6 7 6 ; 10 4 10 4 ; 7 1 7 1 ; 6 4 6 4 ; 5 3 5 3 ; 9 5 9 5 ; 1 8 1 8 ; 4 7 4 7 ; 8 2 8 2 ; 9 5 9 5 ; 10 3 10 3 ; 5 6 5 6 ; 5 4 5 4 ; 1 5 1 5 ; 3 1 3 1 ; 6 9 6 9 ; 8 8 8 8 ; 5 6 5 6 ; 8 10 8 10 ; 1 5 1 5 ; 4 9 4 9 ; 9 4 9 4 ; 6 5 6 5 ; 10 6 10 6 ; 6 10 6 10 ; 2 7 2 7 ; 2 6 2 6 ; 2 7 2 7 ; 2 4 2 4 ; 1 4 1 4 ; 6 8 6 8 ; 2 4 2 4 ; 7 8 7 8
43
7
10
1 6 1 6 ; 1 2 1 2 ; 10 9 10 9 ; 6 8 6 8 ; 5 7 5 7 ; 3 10 3 10 ; 7 6 7 6 ; 7 10 7 10 ; 1 8 1 8 ; 6 2 6 2 ; 4 8 4 8 ; 7 9 7 9 ; 8 9 8 9 ; 2 4 2 4 ; 8 5 8 5 ; 10 7 10 7 ; 6 10 6 10 ; 8 5 8 5 ; 9 5 9 5 ; 4 3 4 3 ; 4 8 4 8 ; 5 2 5 2 ; 3 1 3 1 ; 1 4 1 4 ; 10 9 10 9 ; 7 3 7 3 ; 6 4 6 4 ; 2 3 2 3 ; 4 5 4 5 ; 9 1 9 1 ; 9 8 9 8 ; 9 4 9 4 ; 8 7 8 7 ; 1 8 1 8 ; 3 6 3 6 ; 2 6 2 6 ; 4 6 4 6 ; 7 6 7 6 ; 6 10 6 10 ; 1 8 1 8 ; 8 10 8 10 ; 10 5 10 5 ; 5 3 5 3 ; 10 8 10 8 ; 8 8 8 8 ; 10 8 10 8 ; 5 9 5 9 ; 4 2 4 2 ; 7 6 7 6 ; 9 1 9 1
15
43 55 16 64
11
8 7 8 7 ; 5 2 5 2 ; 4 4 4 4 ; 4 3 4 3 ; 1 3 1 3 ; 4 6 4 6 ; 7 7 7 7 ; 5 6 5 6 ; 6 4 6 4 ; 8 5 8 5 ; 8 8 8 8 ; 8 2 8 2 ; 6 3 6 3 ; 10 6 10 6 ; 6 2 6 2 ; 2 1 2 1 ; 10 9 10 9 ; 4 5 4 5 ; 2 8 2 8 ; 7 5 7 5 ; 2 2 2 2 ; 10 1 10 1 ; 8 6 8 6 ; 8 5 8 5 ; 9 5 9 5 ; 10 8 10 8 ; 4 7 4 7 ; 9 9 9 9 ; 2 1 2 1 ; 5 9 5 9 ; 2 8 2 8 ; 9 3 9 3 ; 6 5 6 5 ; 9 10 9 10 ; 4 7 4 7 ; 4 5 4 5 ; 9 3 9 3 ; 5 8 5 8 ; 10 3 10 3 ; 3 10 3 10 ; 9 2 9 2 ; 7 3 7 3 ; 10 8 10 8 ; 1 3 1 3 ; 8 7 8 7
41 18 33
75 66
12
10 6 10 6 ; 2 8 2 8 ; 4 1 4 1 ; 1 1 1 1 ; 4 5 4 5 ; 1 8 1 8 ; 2 8 2 8 ; 9 6 9 6 ; 10 8 10 8 ; 4 3 4 3 ; 7 8 7 8 ; 3 6 3 6 ; 9 7 9 7 ; 3 5 3 5 ; 10 5 10 5 ; 1 3 1 3 ; 10 5 10 5 ; 10 6 10 6 ; 5 2 5 2 ; 8 1 8 1 ; 6 8 6 8 ; 8 9 8 9 ; 5 7 5 7 ; 4 5 4 5 ; 6 10 6 10 ; 9 4 9 4 ; 7 3 7 3 ; 9 7 9 7 ; 10 3 10 3 ; 2 1 2 1 ; 8 4 8 4 ; 3 9 3 9 ; 8 4 8 4 ; 4 5 4 5 ; 5 1 5 1 ; 5 2 5 2 ; 8 2 8 2 ; 1 5 1 5 ; 10 6 10 6 ; 1 8 1 8
7
61 23 1 31 49 76 20
13
10 1 10 1 ; 10 10 10 10 ; 3 4 3 4 ; 3 3 3 3 ; 1 7 1 7 ; 7 10 7 10 ; 6 2 6 2 ; 5 10 5 10 ; 6 6 6 6 ; 4 9 4 9 ; 5 8 5 8 ; 1 9 1 9 ; 9 9 9 9 ; 9 6 9 6 ; 5 8 5 8 ; 9 8 9 8 ; 1 10 1 10 ; 10 3 10 3 ; 3 2 3 2 ; 7 6 7 6 ; 10 3 10 3 ; 7 8 7 8 ; 6 1 6 1 ; 7 3 7 3 ; 8 3 8 3 ; 1 3 1 3 ; 10 4 10 4 ; 3 10 3 10 ; 2 2 2 2 ; 8 6 8 6 ; 1 6 1 6 ; 6 3 6 3 ; 7 5 7 5 ; 7 9 7 9 ; 8 3 8 3 ; 6 10 6 10 ; 7 2 7 2 ; 7 2 7 2 ; 3 5 3 5 ; 4 2 4 2 ; 7 6 7 6 ; 6 8 6 8 ; 9 9 9 9 ; 10 10 10 10 ; 2 7 2 7 ; 6 4 6 4 ; 2 3 2 3 ; 6 10 6 10 ; 7 2 7 2 ; 8 6 8 6 ; 4 4 4 4 ; 5 2 5 2 ; 7 3 7 3
-
48 69 72 2
14
4 10 4 10 ; 8 3 8 3 ; 6 3 6 3 ; 8 6 8 6 ; 4 6 4 6 ; 5 3 5 3 ; 9 1 9 1 ; 10 2 10 2 ; 4 2 4 2 ; 7 3 7 3 ; 10 8 10 8 ; 2 6 2 6 ; 3 7 3 7 ; 2 6 2 6 ; 4 5 4 5 ; 10 4 10 4 ; 4 7 4 7 ; 6 1 6 1 ; 2 6 2 6 ; 8 5 8 5 ; 3 2 3 2 ; 7 2 7 2 ; 4 9 4 9 ; 3 9 3 9 ; 10 2 10 2 ; 1 10 1 10 ; 1 5 1 5 ; 7 4 7 4 ; 1 8 1 8 ; 1 4 1 4 ; 4 1 4 1 ; 10 9 10 9 ; 7 7 7 7 ; 10 8 10 8 ; 2 9 2 9 ; 4 5 4 5 ; 1 3 1 3 ; 8 6 8 6 ; 1 10 1 10 ; 5 10 5 10 ; 1 5 1 5
-
77 3
15
2 6 2 6 ; 2 7 2 7 ; 7 7 7 7 ; 10 7 10 7 ; 6 9 6 9 ; 6 5 6 5 ; 10 5 10 5 ; 8 8 8 8 ; 9 4 9 4 ; 10 1 10 1 ; 1 8 1 8 ; 1 3 1 3 ; 2 2 2 2 ; 3 8 3 8 ; 3 6 3 6 ; 9 1 9 1 ; 4 10 4 10 ; 7 1 7 1 ; 8 9 8 9 ; 9 6 9 6 ; 9 4 9 4 ; 10 10 10 10 ; 9 7 9 7 ; 9 9 9 9 ; 1 9 1 9 ; 9 3 9 3 ; 6 9 6 9 ; 5 9 5 9 ; 10 10 10 10 ; 6 4 6 4 ; 7 6 7 6 ; 7 1 7 1 ; 7 3 7 3 ; 3 5 3 5 ; 3 1 3 1 ; 10 1 10 1 ; 7 9 7 9 ; 10 5 10 5 ; 7 1 7 1 ; 3 9 3 9 ; 1 3 1 3 ; 2 8 2 8 ; 1 8 1 8 ; 6 2 6 2 ; 7 3 7 3 ; 8 4 8 4 ; 9 4 9 4 ; 6 5 6 5 ; 8 8 8 8
10
67
16
9 6 9 6 ; 4 8 4 8 ; 5 10 5 10 ; 7 5 7 5 ; 4 5 4 5 ; 5 6 5 6 ; 8 2 8 2 ; 8 8 8 8 ; 9 2 9 2 ; 4 1 4 1 ; 1 9 1 9 ; 1 4 1 4 ; 4 6 4 6 ; 3 1 3 1 ; 6 3 6 3 ; 1 6 1 6 ; 8 6 8 6 ; 5 2 5 2 ; 6 1 6 1 ; 8 1 8 1 ; 8 2 8 2 ; 9 7 9 7 ; 5 8 5 8 ; 4 3 4 3 ; 1 10 1 10 ; 5 1 5 1 ; 10 6 10 6 ; 6 4 6 4 ; 3 9 3 9 ; 6 8 6 8 ; 3 6 3 6 ; 5 2 5 2 ; 4 10 4 10 ; 3 1 3 1 ; 2 2 2 2 ; 1 1 1 1 ; 3 1 3 1 ; 8 9 8 9 ; 1 3 1 3 ; 3 1 3 1 ; 2 8 2 8 ; 4 2 4 2 ; 5 1 5 1 ; 7 7 7 7 ; 1 2 1 2 ; 4 4 4 4 ; 10 9 10 9 ; 7 3 7 3 ; 10 2 10 2 ; 3 3 3 3 ; 3 5 3 5
-
61 8 43 57
17
1 7 1 7 ; 5 1 5 1 ; 8 9 8 9 ; 8 3 8 3 ; 2 2 2 2 ; 4 8 4 8 ; 10 4 10 4 ; 1 3 1 3 ; 9 2 9 2 ; 3 6 3 6 ; 6 4 6 4 ; 7 10 7 10 ; 7 9 7 9 ; 7 10 7 10 ; 6 4 6 4 ; 4 4 4 4 ; 1 10 1 10 ; 4 10 4 10 ; 10 3 10 3 ; 5 1 5 1 ; 6 8 6 8 ; 10 5 10 5 ; 3 3 3 3 ; 9 2 9 2 ; 4 2 4 2 ; 9 2 9 2 ; 5 5 5 5 ; 1 3 1 3 ; 5 7 5 7 ; 2 3 2 3 ; 2 7 2 7 ; 6 4 6 4 ; 9 1 9 1 ; 6 8 6 8 ; 3 10 3 10 ; 9 10 9 10 ; 9 10 9 10 ; 4 1 4 1 ; 2 2 2 2 ; 2 8 2 8 ; 5 2 5 2 ; 9 2 9 2 ; 6 9 6 9 ; 4 3 4 3 ; 8 8 8 8 ; 5 9 5 9 ; 6 2 6 2
-
40 56 34 62 53
18
8 8 8 8 ; 2 6 2 6 ; 9 2 9 2 ; 5 7 5 7 ; 1 10 1 10 ; 7 3 7 3 ; 3 1 3 1 ; 10 10 10 10 ; 2 8 2 8 ; 1 10 1 10 ; 8 6 8 6 ; 4 5 4 5 ; 3 8 3 8 ; 6 9 6 9 ; 1 10 1 10 ; 2 2 2 2 ; 9 5 9 5 ; 9 7 9 7 ; 6 5 6 5 ; 5 7 5 7 ; 4 3 4 3 ; 1 8 1 8 ; 3 10 3 10 ; 7 7 7 7 ; 9 9 9 9 ; 8 6 8 6 ; 5 1 5 1 ; 3 9 3 9 ; 10 10 10 10 ; 9 10 9 10 ; 9 3 9 3 ; 1 9 1 9 ; 7 1 7 1 ; 7 3 7 3 ; 5 1 5 1 ; 9 10 9 10 ; 3 9 3 9 ; 7 8 7 8 ; 10 6 10 6 ; 6 8 6 8 ; 6 3 6 3
28
4 42 35 6 10
19
9 10 9 10 ; 3 4 3 4 ; 8 1 8 1 ; 3 8 3 8 ; 3 5 3 5 ; 6 10 6 10 ; 7 2 7 2 ; 4 1 4 1 ; 4 2 4 2 ; 10 7 10 7 ; 2 8 2 8 ; 6 1 6 1 ; 5 1 5 1 ; 10 1 10 1 ; 5 6 5 6 ; 4 1 4 1 ; 5 6 5 6 ; 4 2 4 2 ; 7 8 7 8 ; 10 1 10 1 ; 4 7 4 7 ; 10 10 10 10 ; 9 5 9 5 ; 10 4 10 4 ; 6 1 6 1 ; 2 9 2 9 ; 10 7 10 7 ; 1 7 1 7 ; 9 2 9 2 ; 9 5 9 5 ; 8 2 8 2 ; 5 2 5 2 ; 8 10 8 10 ; 5 6 5 6 ; 7 6 7 6 ; 8 10 8 10 ; 3 10 3 10 ; 1 3 1 3 ; 4 2 4 2 ; 6 10 6 10 ; 4 8 4 8 ; 10 4 10 4 ; 6 1 6 1 ; 10 5 10 5 ; 2 8 2 8 ; 1 1 1 1 ; 1 6 1 6 ; 2 10 2 10 ; 5 9 5 9 ; 7 4 7 4 ; 4 5 4 5 ; 5 8 5 8 ; 4 6 4 6 ; 2 7 2 7 ; 7 10 7 10 ; 8 1 8 1 ; 7 8 7 8 ; 6 4 6 4 ; 10 7 10 7 ; 10 1 10 1 ; 6 1 6 1 ; 2 8 2 8 ; 8 5 8 5 ; 8 4 8 4 ; 5 4 5 4 ; 7 1 7 1
-
6 39 12 1 68 66 30
20
6 8 6 8 ; 9 2 9 2 ; 10 7 10 7 ; 1 7 1 7 ; 9 9 9 9 ; 6 6 6 6 ; 2 5 2 5 ; 2 2 2 2 ; 8 9 8 9 ; 4 1 4 1 ; 7 1 7 1 ; 7 4 7 4 ; 4 2 4 2 ; 9 1 9 1 ; 2 9 2 9 ; 4 1 4 1 ; 1 4 1 4 ; 2 2 2 2 ; 2 2 2 2 ; 1 1 1 1 ; 2 6 2 6 ; 6 4 6 4 ; 3 10 3 10 ; 7 10 7 10 ; 8 10 8 10 ; 2 4 2 4 ; 10 8 10 8 ; 9 3 9 3 ; 9 10 9 10 ; 5 2 5 2 ; 8 10 8 10 ; 3 10 3 10 ; 5 6 5 6 ; 2 7 2 7 ; 10 2 10 2 ; 9 1 9 1 ; 9 6 9 6 ; 6 1 6 1 ; 7 2 7 2
-
29 34 63 72
21
1 1 1 1 ; 3 10 3 10 ; 10 3 10 3 ; 1 5 1 5 ; 3 10 3 10 ; 1 5 1 5 ; 7 3 7 3 ; 9 8 9 8 ; 7 4 7 4 ; 9 5 9 5 ; 3 2 3 2 ; 3 6 3 6 ; 1 1 1 1 ; 1 3 1 3 ; 7 3 7 3 ; 7 3 7 3 ; 3 1 3 1 ; 3 5 3 5 ; 3 5 3 5 ; 1 6 1 6 ; 4 1 4 1 ; 2 2 2 2 ; 3 10 3 10 ; 9 2 9 2 ; 3 10 3 10 ; 6 8 6 8 ; 1 1 1 1 ; 3 3 3 3 ; 3 3 3 3 ; 8 9 8 9 ; 7 4 7 4 ; 2 2 2 2 ; 6 6 6 6 ; 6 1 6 1 ; 10 6 10 6 ; 6 5 6 5 ; 8 9 8 9 ; 8 3 8 3 ; 8 8 8 8 ; 4 2 4 2 ; 7 1 7 1 ; 1 10 1 10 ; 3 3 3 3 ; 4 5 4 5 ; 8 1 8 1 ; 6 6 6 6 ; 6 7 6 7 ; 7 4 7 4 ; 2 4 2 4 ; 4 3 4 3 ; 9 1 9 1 ; 7 9 7 9 ; 9 6 9 6 ; 1 6 1 6 ; 3 4 3 4 ; 9 10 9 10 ; 6 10 6 10 ; 1 9 1 9 ; 4 4 4 4
6
55 2 51 46 43
22
1 5 1 5 ; 10 9 10 9 ; 4 6 4 6 ; 7 7 7 7 ; 9 1 9 1 ; 10 3 10 3 ; 9 10 9 10 ; 1 7 1 7 ; 8 6 8 6 ; 9 5 9 5 ; 9 2 9 2 ; 4 10 4 10 ; 10 5 10 5 ; 10 8 10 8 ; 8 3 8 3 ; 4 3 4 3 ; 9 4 9 4 ; 1 3 1 3 ; 1 7 1 7 ; 9 2 9 2 ; 7 1 7 1 ; 4 8 4 8 ; 10 7 10 7 ; 6 8 6 8 ; 2 5 2 5 ; 4 10 4 10 ; 8 9 8 9 ; 1 7 1 7 ; 3 10 3 10 ; 6 3 6 3 ; 3 10 3 10 ; 5 3 5 3 ; 5 7 5 7 ; 7 5 7 5 ; 5 6 5 6 ; 8 4 8 4 ; 8 4 8 4 ; 3 7 3 7 ; 10 8 10 8 ; 6 1 6 1 ; 4 10 4 10 ; 3 2 3 2 ; 8 3 8 3
10
7 45 4 77 28 40
23
10 4 10 4 ; 7 7 7 7 ; 1 1 1 1 ; 3 9 3 9 ; 8 9 8 9 ; 5 5 5 5 ; 7 8 7 8 ; 2 10 2 10 ; 2 8 2 8 ; 9 2 9 2 ; 6 1 6 1 ; 5 5 5 5 ; 5 8 5 8 ; 4 10 4 10 ; 10 8 10 8 ; 4 7 4 7 ; 4 10 4 10 ; 5 6 5 6 ; 10 7 10 7 ; 4 7 4 7 ; 5 9 5 9 ; 3 1 3 1 ; 8 4 8 4 ; 2 2 2 2 ; 4 10 4 10 ; 3 9 3 9 ; 3 9 3 9 ; 5 7 5 7 ; 9 10 9 10 ; 8 8 8 8 ; 8 1 8 1 ; 4 1 4 1 ; 2 8 2 8 ; 7 2 7 2 ; 6 2 6 2 ; 10 10 10 10 ; 2 3 2 3 ; 3 2 3 2 ; 8 4 8 4 ; 3 1 3 1 ; 6 5 6 5 ; 9 8 9 8 ; 3 3 3 3
5 31
40
24
1 10 1 10 ; 2 6 2 6 ; 5 2 5 2 ; 8 4 8 4 ; 10 9 10 9 ; 9 4 9 4 ; 10 9 10 9 ; 5 4 5 4 ; 3 6 3 6 ; 2 6 2 6 ; 10 4 10 4 ; 1 4 1 4 ; 3 10 3 10 ; 9 7 9 7 ; 6 1 6 1 ; 1 1 1 1 ; 3 2 3 2 ; 6 7 6 7 ; 6 3 6 3 ; 1 7 1 7 ; 3 9 3 9 ; 10 5 10 5 ; 9 7 9 7 ; 10 1 10 1 ; 4 3 4 3 ; 9 4 9 4 ; 7 9 7 9 ; 9 1 9 1 ; 1 9 1 9 ; 7 8 7 8 ; 10 10 10 10 ; 8 4 8 4 ; 3 5 3 5 ; 10 10 10 10 ; 10 10 10 10 ; 7 4 7 4 ; 1 8 1 8 ; 8 1 8 1
-
50 68 29 18 41
25
9 5 9 5 ; 2 2 2 2 ; 5 8 5 8 ; 2 3 2 3 ; 8 2 8 2 ; 2 7 2 7 ; 9 3 9 3 ; 8 8 8 8 ; 6 10 6 10 ; 5 7 5 7 ; 10 6 10 6 ; 9 8 9 8 ; 9 1 9 1 ; 7 9 7 9 ; 1 3 1 3 ; 8 6 8 6 ; 4 1 4 1 ; 9 8 9 8 ; 9 1 9 1 ; 2 8 2 8 ; 4 3 4 3 ; 6 5 6 5 ; 7 3 7 3 ; 4 4 4 4 ; 3 8 3 8 ; 1 4 1 4 ; 3 9 3 9 ; 1 4 1 4 ; 1 7 1 7 ; 2 1 2 1 ; 1 1 1 1 ; 9 4 9 4 ; 1 7 1 7 ; 1 1 1 1 ; 9 3 9 3 ; 1 3 1 3 ; 7 6 7 6 ; 9 4 9 4 ; 1 2 1 2 ; 9 5 9 5
-
76 66 56 73 41 50 32
26
10 9 10 9 ; 10 9 10 9 ; 9 8 9 8 ; 10 2 10 2 ; 9 2 9 2 ; 2 2 2 2 ; 3 8 3 8 ; 3 5 3 5 ; 7 7 7 7 ; 5 1 5 1 ; 3 3 3 3 ; 9 8 9 8 ; 3 10 3 10 ; 7 7 7 7 ; 1 7 1 7 ; 6 7 6 7 ; 8 7 8 7 ; 7 6 7 6 ; 4 9 4 9 ; 9 2 9 2 ; 10 10 10 10 ; 4 4 4 4 ; 10 8 10 8 ; 9 6 9 6 ; 4 3 4 3 ; 6 8 6 8 ; 7 6 7 6 ; 6 9 6 9 ; 5 4 5 4 ; 7 8 7 8 ; 10 4 10 4 ; 6 7 6 7 ; 10 2 10 2 ; 5 4 5 4 ; 2 5 2 5 ; 7 2 7 2 ; 7 2 7 2 ; 5 6 5 6 ; 9 5 9 5 ; 3 4 3 4 ; 10 8 10 8 ; 2 6 2 6 ; 5 9 5 9 ; 7 9 7 9 ; 4 5 4 5 ; 8 3 8 3 ; 9 5 9 5 ; 2 10 2 10 ; 9 8 9 8 ; 5 10 5 10 ; 4 2 4 2 ; 1 10 1 10 ; 3 8 3 8 ; 5 4 5 4 ; 4 7 4 7 ; 7 3 7 3 ; 6 10 6 10 ; 1 10 1 10 ; 10 7 10 7 ; 1 3 1 3 ; 3 10 3 10 ; 8 1 8 1 ; 5 9 5 9
-
46 76 17 4
27
7 2 7 2 ; 2 1 2 1 ; 8 5 8 5 ; 3 3 3 3 ; 4 7 4 7 ; 6 7 6 7 ; 6 4 6 4 ; 2 3 2 3 ; 6 4 6 4 ; 5 7 5 7 ; 2 7 2 7 ; 10 4 10 4 ; 6 7 6 7 ; 7 2 7 2 ; 7 9 7 9 ; 4 6 4 6 ; 5 8 5 8 ; 8 5 8 5 ; 4 10 4 10 ; 7 9 7 9 ; 9 4 9 4 ; 7 4 7 4 ; 9 10 9 10 ; 8 6 8 6 ; 3 2 3 2 ; 3 4 3 4 ; 10 2 10 2 ; 10 6 10 6 ; 10 6 10 6 ; 7 8 7 8 ; 4 3 4 3 ; 5 10 5 10 ; 2 2 2 2 ; 4 5 4 5 ; 2 2 2 2 ; 5 10 5 10 ; 7 1 7 1 ; 5 8 5 8 ; 1 2 1 2 ; 3 3 3 3 ; 6 7 6 7 ; 9 5 9 5 ; 10 8 10 8 ; 2 9 2 9 ; 5 1 5 1 ; 8 8 8 8 ; 3 2 3 2 ; 9 6 9 6 ; 4 5 4 5 ; 2 7 2 7 ; 8 6 8 6 ; 6 7 6 7 ; 6 2 6 2 ; 4 8 4 8 ; 5 8 5 8
66 37
8 79
28
8 9 8 9 ; 4 8 4 8 ; 10 5 10 5 ; 2 10 2 10 ; 4 1 4 1 ; 4 6 4 6 ; 1 1 1 1 ; 1 5 1 5 ; 2 9 2 9 ; 3 9 3 9 ; 6 9 6 9 ; 5 7 5 7 ; 4 2 4 2 ; 1 3 1 3 ; 4 5 4 5 ; 7 4 7 4 ; 1 3 1 3 ; 3 2 3 2 ; 7 6 7 6 ; 4 10 4 10 ; 6 7 6 7 ; 7 7 7 7 ; 8 9 8 9 ; 3 1 3 1 ; 7 7 7 7 ; 10 2 10 2 ; 7 6 7 6 ; 10 10 10 10 ; 9 3 9 3 ; 3 3 3 3 ; 7 1 7 1 ; 8 9 8 9 ; 3 1 3 1 ; 10 1 10 1 ; 8 3 8 3 ; 3 4 3 4 ; 2 1 2 1 ; 2 9 2 9 ; 10 6 10 6 ; 1 8 1 8 ; 3 10 3 10 ; 10 9 10 9 ; 5 1 5 1 ; 1 4 1 4 ; 3 5 3 5 ; 8 9 8 9 ; 5 5 5 5 ; 7 10 7 10 ; 7 7 7 7 ; 2 5 2 5 ; 1 4 1 4 ; 10 2 10 2 ; 5 3 5 3 ; 2 6 2 6 ; 10 3 10 3 ; 3 2 3 2 ; 2 4 2 4 ; 3 9 3 9 ; 5 5 5 5 ; 2 9 2 9 ; 9 1 9 1 ; 8 5 8 5 ; 7 4 7 4 ; 4 4 4 4 ; 2 8 2 8 ; 10 3 10 3
-
66 35 75 16
29
5 6 5 6 ; 8 2 8 2 ; 4 10 4 10 ; 7 6 7 6 ; 1 2 1 2 ; 10 1 10 1 ; 8 4 8 4 ; 2 7 2 7 ; 4 4 4 4 ; 4 8 4 8 ; 1 9 1 9 ; 4 6 4 6 ; 1 1 1 1 ; 7 5 7 5 ; 3 7 3 7 ; 10 10 10 10 ; 1 7 1 7 ; 3 6 3 6 ; 8 9 8 9 ; 3 9 3 9 ; 3 2 3 2 ; 9 10 9 10 ; 5 3 5 3 ; 6 10 6 10 ; 8 9 8 9 ; 8 8 8 8 ; 8 1 8 1 ; 3 10 3 10 ; 3 9 3 9 ; 6 5 6 5 ; 7 5 7 5 ; 4 9 4 9 ; 4 7 4 7 ; 5 1 5 1 ; 7 7 7 7 ; 1 9 1 9 ; 9 2 9 2 ; 9 5 9 5 ; 6 4 6 4 ; 5 3 5 3 ; 5 4 5 4 ; 3 4 3 4
-
20 16 11 55 62
30
6 5 6 5 ; 2 2 2 2 ; 6 8 6 8 ; 1 9 1 9 ; 6 7 6 7 ; 2 4 2 4 ; 3 4 3 4 ; 3 3 3 3 ; 5 3 5 3 ; 8 2 8 2 ; 8 4 8 4 ; 7 4 7 4 ; 7 9 7 9 ; 7 2 7 2 ; 5 1 5 1 ; 9 10 9 10 ; 10 2 10 2 ; 4 6 4 6 ; 9 6 9 6 ; 6 6 6 6 ; 2 9 2 9 ; 10 6 10 6 ; 3 4 3 4 ; 9 9 9 9 ; 6 6 6 6 ; 1 5 1 5 ; 1 7 1 7 ; 9 7 9 7 ; 7 5 7 5 ; 10 1 10 1 ; 6 10 6 10 ; 1 7 1 7 ; 1 6 1 6 ; 2 2 2 2 ; 1 10 1 10 ; 7 4 7 4 ; 8 6 8 6 ; 9 2 9 2 ; 9 7 9 7 ; 3 6 3 6 ; 4 3 4 3 ; 1 4 1 4 ; 1 9 1 9 ; 2 7 2 7
36
78 35
31
10 3 10 3 ; 9 3 9 3 ; 6 2 6 2 ; 4 6 4 6 ; 1 2 1 2 ; 1 1 1 1 ; 10 10 10 10 ; 4 10 4 10 ; 8 6 8 6 ; 6 4 6 4 ; 10 8 10 8 ; 7 2 7 2 ; 6 1 6 1 ; 8 2 8 2 ; 3 9 3 9 ; 4 3 4 3 ; 7 2 7 2 ; 7 3 7 3 ; 5 2 5 2 ; 10 8 10 8 ; 5 3 5 3 ; 8 4 8 4 ; 2 3 2 3 ; 4 1 4 1 ; 9 9 9 9 ; 4 8 4 8 ; 6 3 6 3 ; 10 3 10 3 ; 3 9 3 9 ; 6 5 6 5 ; 7 9 7 9 ; 9 6 9 6 ; 2 7 2 7 ; 10 7 10 7 ; 8 9 8 9 ; 6 3 6 3 ; 1 3 1 3 ; 6 4 6 4 ; 5 1 5 1 ; 7 5 7 5 ; 1 10 1 10 ; 3 6 3 6 ; 4 4 4 4 ; 10 6 10 6 ; 2 8 2 8 ; 3 9 3 9 ; 6 1 6 1 ; 6 10 6 10 ; 10 5 10 5 ; 8 7 8 7 ; 3 3 3 3 ; 1 6 1 6
51 23
57 4 79
32
2 3 2 3 ; 7 8 7 8 ; 10 9 10 9 ; 2 7 2 7 ; 2 5 2 5 ; 9 8 9 8 ; 8 6 8 6 ; 2 8 2 8 ; 3 4 3 4 ; 3 2 3 2 ; 3 7 3 7 ; 1 10 1 10 ; 2 3 2 3 ; 10 7 10 7 ; 1 10 1 10 ; 9 6 9 6 ; 9 6 9 6 ; 3 8 3 8 ; 6 6 6 6 ; 6 7 6 7 ; 2 4 2 4 ; 6 9 6 9 ; 9 7 9 7 ; 7 2 7 2 ; 1 9 1 9 ; 5 3 5 3 ; 6 6 6 6 ; 4 9 4 9 ; 10 6 10 6 ; 7 3 7 3 ; 5 5 5 5 ; 8 5 8 5 ; 2 2 2 2 ; 4 7 4 7 ; 7 10 7 10 ; 6 8 6 8 ; 3 1 3 1 ; 6 4 6 4 ; 10 4 10 4 ; 7 10 7 10 ; 3 1 3 1 ; 4 10 4 10 ; 8 10 8 10 ; 10 8 10 8 ; 5 6 5 6 ; 10 1 10 1 ; 10 9 10 9 ; 6 4 6 4 ; 10 9 10 9 ; 2 6 2 6 ; 8 7 8 7 ; 5 3 5 3 ; 8 2 8 2 ; 6 7 6 7 ; 6 4 6 4 ; 8 10 8 10 ; 4 3 4 3 ; 1 2 1 2 ; 2 10 2 10 ; 1 8 1 8 ; 5 2 5 2
-
2 35 13 74
33
8 6 8 6 ; 4 1 4 1 ; 6 2 6 2 ; 7 10 7 10 ; 6 6 6 6 ; 1 3 1 3 ; 4 8 4 8 ; 6 3 6 3 ; 7 9 7 9 ; 6 9 6 9 ; 2 9 2 9 ; 8 4 8 4 ; 9 2 9 2 ; 5 7 5 7 ; 10 6 10 6 ; 2 8 2 8 ; 4 5 4 5 ; 10 9 10 9 ; 8 9 8 9 ; 10 3 10 3 ; 6 3 6 3 ; 5 10 5 10 ; 2 10 2 10 ; 4 1 4 1 ; 1 1 1 1 ; 9 4 9 4 ; 10 7 10 7 ; 8 8 8 8 ; 10 2 10 2 ; 6 9 6 9 ; 8 7 8 7 ; 7 3 7 3 ; 3 8 3 8 ; 4 1 4 1 ; 6 5 6 5 ; 3 2 3 2 ; 7 10 7 10 ; 3 9 3 9 ; 9 6 9 6
11
28 35
34
10 8 10 8 ; 8 5 8 5 ; 2 7 2 7 ; 5 5 5 5 ; 4 3 4 3 ; 4 2 4 2 ; 1 7 1 7 ; 4 1 4 1 ; 2 4 2 4 ; 6 6 6 6 ; 9 9 9 9 ; 5 10 5 10 ; 3 3 3 3 ; 10 1 10 1 ; 3 1 3 1 ; 9 1 9 1 ; 5 8 5 8 ; 6 8 6 8 ; 6 2 6 2 ; 2 9 2 9 ; 6 6 6 6 ; 10 7 10 7 ; 4 5 4 5 ; 7 5 7 5 ; 1 4 1 4 ; 2 9 2 9 ; 5 6 5 6 ; 8 9 8 9 ; 10 9 10 9 ; 9 2 9 2 ; 9 9 9 9 ; 5 5 5 5 ; 6 2 6 2 ; 2 3 2 3 ; 3 6 3 6 ; 1 8 1 8 ; 3 2 3 2 ; 6 6 6 6 ; 7 4 7 4 ; 2 7 2 7 ; 8 3 8 3 ; 7 4 7 4 ; 9 6 9 6 ; 2 8 2 8 ; 4 3 4 3 ; 2 5 2 5 ; 1 8 1 8 ; 9 9 9 9 ; 9 3 9 3 ; 1 3 1 3 ; 8 4 8 4 ; 2 10 2 10 ; 7 10 7 10 ; 5 3 5 3 ; 3 8 3 8
-
69 60 23
35
3 1 3 1 ; 5 10 5 10 ; 6 9 6 9 ; 10 2 10 2 ; 1 3 1 3 ; 6 3 6 3 ; 10 6 10 6 ; 1 10 1 10 ; 8 4 8 4 ; 4 5 4 5 ; 7 7 7 7 ; 4 3 4 3 ; 6 10 6 10 ; 8 9 8 9 ; 7 10 7 10 ; 10 9 10 9 ; 1 7 1 7 ; 10 8 10 8 ; 5 1 5 1 ; 9 7 9 7 ; 3 6 3 6 ; 9 4 9 4 ; 2 2 2 2 ; 5 1 5 1 ; 5 8 5 8 ; 6 3 6 3 ; 5 1 5 1 ; 7 2 7 2 ; 3 4 3 4 ; 10 1 10 1 ; 6 2 6 2 ; 1 6 1 6 ; 8 1 8 1 ; 3 2 3 2 ; 1 4 1 4 ; 10 6 10 6 ; 1 8 1 8 ; 9 4 9 4 ; 9 6 9 6
-
52 77 15 23
36
6 6 6 6 ; 2 7 2 7 ; 1 4 1 4 ; 4 3 4 3 ; 6 9 6 9 ; 2 9 2 9 ; 6 3 6 3 ; 9 1 9 1 ; 10 9 10 9 ; 6 3 6 3 ; 2 1 2 1 ; 2 7 2 7 ; 1 2 1 2 ; 7 5 7 5 ; 2 2 2 2 ; 1 9 1 9 ; 9 2 9 2 ; 5 9 5 9 ; 5 10 5 10 ; 1 3 1 3 ; 1 3 1 3 ; 1 6 1 6 ; 7 9 7 9 ; 9 9 9 9 ; 10 6 10 6 ; 3 1 3 1 ; 6 7 6 7 ; 9 8 9 8 ; 8 5 8 5 ; 4 1 4 1 ; 9 4 9 4 ; 9 7 9 7 ; 5 6 5 6 ; 5 2 5 2 ; 7 8 7 8 ; 6 7 6 7 ; 10 8 10 8 ; 5 8 5 8 ; 8 3 8 3 ; 6 7 6 7 ; 10 1 10 1 ; 7 7 7 7
29
15 22 68 38 13 34 16
37
7 1 7 1 ; 8 10 8 10 ; 1 7 1 7 ; 8 8 8 8 ; 4 4 4 4 ; 1 10 1 10 ; 1 8 1 8 ; 7 2 7 2 ; 5 1 5 1 ; 10 2 10 2 ; 5 7 5 7 ; 1 6 1 6 ; 7 7 7 7 ; 2 5 2 5 ; 4 5 4 5 ; 2 7 2 7 ; 4 10 4 10 ; 8 7 8 7 ; 6 5 6 5 ; 6 9 6 9 ; 8 8 8 8 ; 8 9 8 9 ; 5 6 5 6 ; 2 1 2 1 ; 8 1 8 1 ; 2 4 2 4 ; 10 2 10 2 ; 9 8 9 8 ; 1 10 1 10 ; 3 6 3 6 ; 7 4 7 4 ; 4 10 4 10 ; 3 1 3 1 ; 8 10 8 10 ; 7 3 7 3 ; 10 6 10 6 ; 10 10 10 10 ; 6 6 6 6 ; 5 8 5 8 ; 6 5 6 5 ; 8 10 8 10 ; 10 9 10 9 ; 3 9 3 9 ; 7 3 7 3 ; 8 9 8 9 ; 10 6 10 6 ; 4 3 4 3 ; 8 9 8 9 ; 5 5 5 5 ; 8 1 8 1 ; 8 8 8 8 ; 7 9 7 9 ; 9 2 9 2 ; 5 5 5 5 ; 9 2 9 2 ; 9 9 9 9 ; 1 9 1 9 ; 7 4 7 4
61
30 6
38
1 9 1 9 ; 8 4 8 4 ; 7 2 7 2 ; 1 7 1 7 ; 7 5 7 5 ; 4 9 4 9 ; 4 3 4 3 ; 7 5 7 5 ; 1 1 1 1 ; 1 6 1 6 ; 9 2 9 2 ; 6 9 6 9 ; 3 6 3 6 ; 8 6 8 6 ; 4 2 4 2 ; 5 2 5 2 ; 7 2 7 2 ; 7 5 7 5 ; 6 7 6 7 ; 1 4 1 4 ; 3 4 3 4 ; 2 9 2 9 ; 9 1 9 1 ; 5 1 5 1 ; 1 7 1 7 ; 6 1 6 1 ; 8 4 8 4 ; 10 2 10 2 ; 1 9 1 9 ; 9 5 9 5 ; 2 4 2 4 ; 8 8 8 8 ; 7 6 7 6 ; 2 2 2 2 ; 4 4 4 4 ; 5 8 5 8 ; 10 9 10 9 ; 8 8 8 8 ; 9 2 9 2 ; 8 1 8 1 ; 8 6 8 6 ; 1 8 1 8 ; 1 2 1 2 ; 9 1 9 1 ; 10 10 10 10 ; 7 2 7 2 ; 3 6 3 6
64 24
8 30 58 34 80 61 33
39
8 3 8 3 ; 4 8 4 8 ; 9 2 9 2 ; 7 7 7 7 ; 9 6 9 6 ; 7 3 7 3 ; 6 7 6 7 ; 2 3 2 3 ; 10 9 10 9 ; 3 1 3 1 ; 10 5 10 5 ; 1 9 1 9 ; 2 4 2 4 ; 3 7 3 7 ; 6 3 6 3 ; 10 10 10 10 ; 5 3 5 3 ; 10 4 10 4 ; 6 8 6 8 ; 2 7 2 7 ; 4 1 4 1 ; 9 1 9 1 ; 9 2 9 2 ; 3 8 3 8 ; 1 5 1 5 ; 9 2 9 2 ; 1 1 1 1 ; 10 2 10 2 ; 6 4 6 4 ; 1 1 1 1 ; 6 2 6 2 ; 1 1 1 1 ; 4 2 4 2 ; 6 2 6 2 ; 9 9 9 9 ; 10 4 10 4 ; 9 8 9 8 ; 4 10 4 10 ; 9 6 9 6 ; 7 1 7 1 ; 2 5 2 5 ; 2 3 2 3 ; 7 3 7 3 ; 6 2 6 2 ; 6 8 6 8 ; 3 4 3 4 ; 9 5 9 5 ; 6 5 6 5 ; 6 3 6 3 ; 6 4 6 4 ; 1 5 1 5 ; 8 2 8 2 ; 4 3 4 3 ; 1 4 1 4 ; 9 7 9 7 ; 7 2 7 2
-
21 28
40
7 3 7 3 ; 3 2 3 2 ; 4 10 4 10 ; 9 8 9 8 ; 3 8 3 8 ; 2 10 2 10 ; 2 9 2 9 ; 2 9 2 9 ; 4 3 4 3 ; 5 1 5 1 ; 4 8 4 8 ; 6 6 6 6 ; 3 4 3 4 ; 4 9 4 9 ; 7 7 7 7 ; 9 3 9 3 ; 1 1 1 1 ; 4 4 4 4 ; 2 4 2 4 ; 1 7 1 7 ; 3 4 3 4 ; 6 6 6 6 ; 2 8 2 8 ; 4 5 4 5 ; 2 8 2 8 ; 8 7 8 7 ; 7 3 7 3 ; 2 10 2 10 ; 8 5 8 5 ; 8 4 8 4 ; 4 8 4 8 ; 8 4 8 4 ; 8 1 8 1 ; 9 2 9 2 ; 7 9 7 9 ; 8 9 8 9 ; 2 5 2 5 ; 5 5 5 5 ; 4 10 4 10 ; 9 5 9 5 ; 8 6 8 6 ; 1 6 1 6 ; 10 4 10 4 ; 5 7 5 7 ; 1 5 1 5 ; 3 4 3 4 ; 2 10 2 10 ; 9 2 9 2 ; 3 7 3 7 ; 3 9 3 9 ; 7 2 7 2 ; 9 10 9 10 ; 8 5 8 5 ; 4 2 4 2 ; 5 4 5 4 ; 6 4 6 4 ; 2 9 2 9 ; 9 1 9 1 ; 4 4 4 4 ; 10 4 10 4 ; 10 4 10 4 ; 9 1 9 1 ; 3 7 3 7 ; 4 7 4 7
39
30 77 21 2 64 58
41
9 7 9 7 ; 6 2 6 2 ; 9 10 9 10 ; 5 10 5 10 ; 6 1 6 1 ; 7 9 7 9 ; 2 7 2 7 ; 8 4 8 4 ; 1 3 1 3 ; 5 4 5 4 ; 2 8 2 8 ; 3 4 3 4 ; 1 1 1 1 ; 10 7 10 7 ; 6 7 6 7 ; 4 8 4 8 ; 8 1 8 1 ; 10 8 10 8 ; 10 6 10 6 ; 9 6 9 6 ; 6 5 6 5 ; 6 9 6 9 ; 4 3 4 3 ; 3 4 3 4 ; 7 7 7 7 ; 9 8 9 8 ; 7 3 7 3 ; 4 7 4 7 ; 4 5 4 5 ; 5 9 5 9 ; 3 10 3 10 ; 8 2 8 2 ; 10 7 10 7 ; 9 2 9 2 ; 3 7 3 7 ; 9 10 9 10 ; 4 4 4 4 ; 9 7 9 7 ; 7 3 7 3 ; 10 5 10 5 ; 1 10 1 10 ; 5 7 5 7 ; 3 8 3 8 ; 5 6 5 6 ; 4 10 4 10 ; 6 6 6 6 ; 9 3 9 3 ; 8 1 8 1 ; 2 6 2 6 ; 2 4 2 4 ; 3 2 3 2 ; 5 8 5 8 ; 5 3 5 3 ; 4 3 4 3 ; 5 5 5 5 ; 8 8 8 8 ; 4 2 4 2 ; 4 6 4 6 ; 1 9 1 9 ; 3 4 3 4 ; 8 8 8 8
16
76 39
42
4 6 4 6 ; 4 4 4 4 ; 3 9 3 9 ; 8 4 8 4 ; 3 5 3 5 ; 9 8 9 8 ; 8 3 8 3 ; 4 4 4 4 ; 10 1 10 1 ; 7 1 7 1 ; 5 5 5 5 ; 3 3 3 3 ; 7 6 7 6 ; 2 7 2 7 ; 7 1 7 1 ; 1 2 1 2 ; 1 4 1 4 ; 5 3 5 3 ; 4 4 4 4 ; 7 8 7 8 ; 8 7 8 7 ; 5 7 5 7 ; 9 9 9 9 ; 10 9 10 9 ; 9 7 9 7 ; 1 3 1 3 ; 3 4 3 4 ; 7 1 7 1 ; 1 8 1 8 ; 7 7 7 7 ; 9 9 9 9 ; 1 1 1 1 ; 4 5 4 5 ; 3 7 3 7 ; 9 1 9 1 ; 5 8 5 8 ; 9 9 9 9 ; 5 8 5 8
29
46 62 67 61
43
5 4 5 4 ; 2 10 2 10 ; 10 4 10 4 ; 5 9 5 9 ; 5 6 5 6 ; 6 3 6 3 ; 4 6 4 6 ; 2 4 2 4 ; 6 5 6 5 ; 1 1 1 1 ; 4 1 4 1 ; 3 8 3 8 ; 8 2 8 2 ; 8 4 8 4 ; 1 7 1 7 ; 8 10 8 10 ; 4 1 4 1 ; 1 5 1 5 ; 7 6 7 6 ; 3 3 3 3 ; 3 1 3 1 ; 5 6 5 6 ; 6 8 6 8 ; 2 2 2 2 ; 5 2 5 2 ; 4 8 4 8 ; 2 6 2 6 ; 7 9 7 9 ; 9 6 9 6 ; 3 1 3 1 ; 2 2 2 2 ; 2 7 2 7 ; 4 3 4 3 ; 2 10 2 10 ; 10 6 10 6 ; 2 2 2 2 ; 6 9 6 9 ; 9 4 9 4 ; 8 10 8 10 ; 7 2 7 2 ; 3 10 3 10 ; 1 4 1 4 ; 7 9 7 9 ; 5 6 5 6 ; 5 9 5 9 ; 8 8 8 8 ; 2 10 2 10 ; 5 5 5 5 ; 2 8 2 8 ; 7 3 7 3 ; 5 8 5 8 ; 6 3 6 3
-
58 25 49 73 31
44
1 3 1 3 ; 9 10 9 10 ; 1 2 1 2 ; 4 7 4 7 ; 10 10 10 10 ; 4 6 4 6 ; 8 4 8 4 ; 6 1 6 1 ; 3 10 3 10 ; 5 6 5 6 ; 9 1 9 1 ; 8 5 8 5 ; 1 3 1 3 ; 7 10 7 10 ; 8 2 8 2 ; 5 5 5 5 ; 3 6 3 6 ; 5 3 5 3 ; 9 10 9 10 ; 2 10 2 10 ; 9 7 9 7 ; 6 8 6 8 ; 10 1 10 1 ; 8 4 8 4 ; 2 4 2 4 ; 1 2 1 2 ; 7 8 7 8 ; 6 9 6 9 ; 2 5 2 5 ; 8 2 8 2 ; 6 5 6 5 ; 8 9 8 9 ; 10 4 10 4 ; 3 8 3 8 ; 3 6 3 6 ; 7 3 7 3 ; 5 4 5 4 ; 2 6 2 6 ; 6 1 6 1 ; 10 9 10 9 ; 7 10 7 10 ; 2 3 2 3 ; 10 10 10 10 ; 3 3 3 3 ; 4 10 4 10 ; 6 9 6 9 ; 4 6 4 6 ; 9 5 9 5 ; 9 4 9 4 ; 2 4 2 4
32
17 7 27 49
45
9 2 9 2 ; 6 2 6 2 ; 1 2 1 2 ; 2 10 2 10 ; 2 8 2 8 ; 1 4 1 4 ; 2 2 2 2 ; 3 4 3 4 ; 7 6 7 6 ; 6 4 6 4 ; 6 9 6 9 ; 9 5 9 5 ; 4 10 4 10 ; 8 7 8 7 ; 3 8 3 8 ; 7 2 7 2 ; 3 5 3 5 ; 3 3 3 3 ; 6 5 6 5 ; 4 9 4 9 ; 4 6 4 6 ; 2 8 2 8 ; 10 4 10 4 ; 3 6 3 6 ; 1 8 1 8 ; 1 7 1 7 ; 7 10 7 10 ; 1 2 1 2 ; 9 10 9 10 ; 8 3 8 3 ; 9 7 9 7 ; 4 1 4 1 ; 1 7 1 7 ; 3 8 3 8 ; 3 8 3 8 ; 6 6 6 6 ; 4 8 4 8 ; 5 3 5 3 ; 3 8 3 8 ; 10 4 10 4 ; 5 10 5 10 ; 2 3 2 3 ; 1 4 1 4 ; 4 9 4 9 ; 3 2 3 2 ; 3 1 3 1
-
19 31 41 2 43
46
8 10 8 10 ; 5 8 5 8 ; 7 7 7 7 ; 6 4 6 4 ; 4 9 4 9 ; 3 9 3 9 ; 3 6 3 6 ; 6 4 6 4 ; 1 2 1 2 ; 3 4 3 4 ; 5 6 5 6 ; 7 8 7 8 ; 4 9 4 9 ; 1 9 1 9 ; 1 8 1 8 ; 5 4 5 4 ; 9 9 9 9 ; 2 7 2 7 ; 7 9 7 9 ; 1 10 1 10 ; 9 3 9 3 ; 10 1 10 1 ; 10 5 10 5 ; 4 2 4 2 ; 9 8 9 8 ; 5 3 5 3 ; 3 1 3 1 ; 2 9 2 9 ; 1 3 1 3 ; 7 4 7 4 ; 2 3 2 3 ; 9 1 9 1 ; 3 2 3 2 ; 7 9 7 9 ; 10 9 10 9 ; 10 8 10 8 ; 4 10 4 10 ; 10 5 10 5 ; 6 5 6 5 ; 7 4 7 4 ; 3 3 3 3 ; 8 7 8 7 ; 6 10 6 10 ; 7 8 7 8 ; 4 5 4 5 ; 3 5 3 5 ; 9 2 9 2 ; 5 1 5 1 ; 5 4 5 4 ; 9 5 9 5 ; 2 9 2 9 ; 4 7 4 7 ; 10 4 10 4
73
45 41 69 9
47
3 8 3 8 ; 2 4 2 4 ; 6 1 6 1 ; 1 7 1 7 ; 7 9 7 9 ; 10 4 10 4 ; 3 7 3 7 ; 2 4 2 4 ; 1 3 1 3 ; 1 6 1 6 ; 3 5 3 5 ; 10 3 10 3 ; 8 6 8 6 ; 2 3 2 3 ; 9 9 9 9 ; 3 8 3 8 ; 7 4 7 4 ; 4 4 4 4 ; 4 4 4 4 ; 3 3 3 3 ; 2 4 2 4 ; 8 5 8 5 ; 10 9 10 9 ; 10 3 10 3 ; 3 10 3 10 ; 8 8 8 8 ; 6 9 6 9 ; 2 6 2 6 ; 7 6 7 6 ; 8 5 8 5 ; 4 2 4 2 ; 5 2 5 2 ; 6 10 6 10 ; 7 1 7 1 ; 3 9 3 9 ; 5 7 5 7 ; 3 2 3 2 ; 3 4 3 4 ; 3 2 3 2 ; 6 7 6 7 ; 4 6 4 6 ; 6 1 6 1 ; 6 8 6 8 ; 6 2 6 2 ; 5 6 5 6
67 3
24 69
48
7 9 7 9 ; 4 7 4 7 ; 7 6 7 6 ; 8 1 8 1 ; 4 2 4 2 ; 5 6 5 6 ; 5 9 5 9 ; 10 3 10 3 ; 5 3 5 3 ; 8 3 8 3 ; 5 3 5 3 ; 10 1 10 1 ; 7 6 7 6 ; 8 5 8 5 ; 5 6 5 6 ; 9 7 9 7 ; 10 4 10 4 ; 5 8 5 8 ; 1 2 1 2 ; 8 5 8 5 ; 5 2 5 2 ; 10 2 10 2 ; 10 9 10 9 ; 4 7 4 7 ; 3 1 3 1 ; 9 8 9 8 ; 5 10 5 10 ; 10 1 10 1 ; 7 7 7 7 ; 7 1 7 1 ; 4 7 4 7 ; 9 5 9 5 ; 10 3 10 3 ; 2 1 2 1 ; 7 10 7 10 ; 7 1 7 1 ; 3 6 3 6 ; 2 5 2 5 ; 5 7 5 7 ; 3 9 3 9 ; 9 3 9 3 ; 6 4 6 4 ; 2 5 2 5 ; 6 8 6 8 ; 3 3 3 3 ; 10 9 10 9 ; 1 10 1 10 ; 3 1 3 1 ; 2 7 2 7 ; 3 10 3 10 ; 8 9 8 9
28
9 69 19 6 5 34 3
49
5 1 5 1 ; 6 2 6 2 ; 3 10 3 10 ; 1 1 1 1 ; 2 8 2 8 ; 4 3 4 3 ; 5 2 5 2 ; 2 9 2 9 ; 6 3 6 3 ; 7 6 7 6 ; 2 2 2 2 ; 8 6 8 6 ; 8 10 8 10 ; 5 5 5 5 ; 10 7 10 7 ; 6 6 6 6 ; 3 2 3 2 ; 9 5 9 5 ; 3 9 3 9 ; 5 5 5 5 ; 7 1 7 1 ; 9 3 9 3 ; 4 1 4 1 ; 1 9 1 9 ; 5 8 5 8 ; 4 7 4 7 ; 9 2 9 2 ; 2 6 2 6 ; 3 6 3 6 ; 2 3 2 3 ; 5 7 5 7 ; 10 7 10 7 ; 10 8 10 8 ; 1 3 1 3 ; 9 7 9 7 ; 7 7 7 7 ; 9 5 9 5 ; 9 2 9 2 ; 7 9 7 9 ; 10 4 10 4 ; 8 4 8 4 ; 10 6 10 6 ; 7 3 7 3
61 78
56 30 10 21
50
5 10 5 10 ; 3 4 3 4 ; 3 4 3 4 ; 10 2 10 2 ; 2 2 2 2 ; 4 2 4 2 ; 9 2 9 2 ; 8 9 8 9 ; 9 8 9 8 ; 1 7 1 7 ; 6 10 6 10 ; 10 4 10 4 ; 5 1 5 1 ; 1 3 1 3 ; 3 4 3 4 ; 2 5 2 5 ; 9 6 9 6 ; 8 1 8 1 ; 10 10 10 10 ; 3 3 3 3 ; 3 8 3 8 ; 4 3 4 3 ; 2 3 2 3 ; 2 10 2 10 ; 10 2 10 2 ; 8 7 8 7 ; 1 8 1 8 ; 2 8 2 8 ; 10 3 10 3 ; 10 3 10 3 ; 8 3 8 3 ; 9 6 9 6 ; 9 6 9 6 ; 9 10 9 10 ; 7 3 7 3 ; 2 10 2 10 ; 2 7 2 7 ; 2 3 2 3 ; 1 3 1 3 ; 4 2 4 2 ; 4 2 4 2 ; 8 7 8 7 ; 1 10 1 10 ; 6 10 6 10 ; 2 5 2 5 ; 4 1 4 1 ; 8 2 8 2 ; 8 8 8 8 ; 10 6 10 6 ; 7 6 7 6 ; 10 10 10 10 ; 5 2 5 2 ; 8 9 8 9 ; 4 10 4 10 ; 1 10 1 10 ; 1 7 1 7 ; 1 8 1 8 ; 3 3 3 3 ; 9 8 9 8 ; 4 2 4 2 ; 4 8 4 8 ; 2 3 2 3 ; 1 10 1 10 ; 10 2 10 2
14
31 51 22 71 33 60 65
51
9 3 9 3 ; 9 4 9 4 ; 8 6 8 6 ; 2 3 2 3 ; 5 3 5 3 ; 2 7 2 7 ; 1 4 1 4 ; 7 3 7 3 ; 6 5 6 5 ; 2 2 2 2 ; 7 7 7 7 ; 1 10 1 10 ; 10 1 10 1 ; 9 1 9 1 ; 3 8 3 8 ; 9 2 9 2 ; 4 9 4 9 ; 5 3 5 3 ; 7 7 7 7 ; 5 3 5 3 ; 1 9 1 9 ; 10 1 10 1 ; 2 6 2 6 ; 5 10 5 10 ; 2 8 2 8 ; 1 8 1 8 ; 6 1 6 1 ; 10 5 10 5 ; 3 10 3 10 ; 6 7 6 7 ; 7 6 7 6 ; 8 10 8 10 ; 6 5 6 5 ; 4 2 4 2 ; 1 9 1 9 ; 5 3 5 3 ; 7 6 7 6 ; 5 10 5 10 ; 1 1 1 1 ; 9 2 9 2 ; 10 1 10 1 ; 2 5 2 5 ; 3 1 3 1 ; 10 6 10 6 ; 10 7 10 7 ; 2 7 2 7 ; 4 2 4 2 ; 8 9 8 9 ; 6 2 6 2 ; 3 8 3 8 ; 2 9 2 9 ; 10 10 10 10 ; 4 6 4 6 ; 9 4 9 4 ; 8 10 8 10 ; 7 7 7 7
70
65 6 8 79 9 38
52
6 7 6 7 ; 10 2 10 2 ; 10 3 10 3 ; 10 5 10 5 ; 4 7 4 7 ; 6 9 6 9 ; 10 8 10 8 ; 8 3 8 3 ; 6 9 6 9 ; 2 9 2 9 ; 4 3 4 3 ; 4 1 4 1 ; 2 2 2 2 ; 7 3 7 3 ; 2 10 2 10 ; 9 1 9 1 ; 1 8 1 8 ; 4 3 4 3 ; 3 3 3 3 ; 7 8 7 8 ; 2 2 2 2 ; 9 1 9 1 ; 1 6 1 6 ; 6 6 6 6 ; 5 7 5 7 ; 6 8 6 8 ; 9 9 9 9 ; 1 2 1 2 ; 3 9 3 9 ; 7 4 7 4 ; 8 5 8 5 ; 4 1 4 1 ; 5 10 5 10 ; 5 7 5 7 ; 2 1 2 1 ; 4 3 4 3 ; 5 2 5 2 ; 6 5 6 5 ; 10 1 10 1 ; 1 4 1 4 ; 9 8 9 8 ; 3 10 3 10 ; 9 3 9 3 ; 1 1 1 1 ; 4 7 4 7 ; 4 3 4 3 ; 4 9 4 9 ; 3 8 3 8 ; 8 7 8 7 ; 6 10 6 10 ; 10 9 10 9 ; 4 4 4 4 ; 3 1 3 1 ; 8 2 8 2 ; 1 10 1 10 ; 7 2 7 2 ; 8 9 8 9 ; 1 8 1 8
20
39 17 46
53
3 3 3 3 ; 1 9 1 9 ; 5 1 5 1 ; 4 2 4 2 ; 9 2 9 2 ; 7 10 7 10 ; 1 7 1 7 ; 5 4 5 4 ; 1 6 1 6 ; 4 4 4 4 ; 8 3 8 3 ; 10 9 10 9 ; 2 1 2 1 ; 9 9 9 9 ; 4 2 4 2 ; 8 10 8 10 ; 3 8 3 8 ; 10 7 10 7 ; 1 3 1 3 ; 10 9 10 9 ; 7 8 7 8 ; 10 7 10 7 ; 4 4 4 4 ; 3 7 3 7 ; 9 6 9 6 ; 2 7 2 7 ; 10 2 10 2 ; 5 4 5 4 ; 2 6 2 6 ; 4 7 4 7 ; 9 2 9 2 ; 8 1 8 1 ; 1 7 1 7 ; 7 1 7 1 ; 2 6 2 6 ; 9 8 9 8 ; 3 8 3 8 ; 4 8 4 8 ; 2 8 2 8 ; 6 2 6 2 ; 5 8 5 8 ; 8 7 8 7 ; 1 5 1 5 ; 10 2 10 2 ; 2 3 2 3 ; 8 10 8 10 ; 4 5 4 5 ; 10 5 10 5 ; 3 8 3 8 ; 5 4 5 4 ; 5 6 5 6 ; 1 7 1 7 ; 5 7 5 7 ; 6 6 6 6 ; 6 4 6 4 ; 8 1 8 1 ; 1 7 1 7 ; 7 1 7 1 ; 3 8 3 8 ; 4 4 4 4 ; 10 3 10 3 ; 3 6 3 6 ; 9 2 9 2 ; 10 1 10 1
-
29 23 39 13 58 43 1
54
1 4 1 4 ; 3 9 3 9 ; 3 8 3 8 ; 5 9 5 9 ; 3 3 3 3 ; 2 2 2 2 ; 3 4 3 4 ; 1 1 1 1 ; 4 3 4 3 ; 8 7 8 7 ; 7 7 7 7 ; 1 9 1 9 ; 2 9 2 9 ; 3 3 3 3 ; 9 3 9 3 ; 1 7 1 7 ; 10 3 10 3 ; 6 2 6 2 ; 10 2 10 2 ; 2 5 2 5 ; 4 3 4 3 ; 8 6 8 6 ; 8 8 8 8 ; 6 1 6 1 ; 3 5 3 5 ; 9 9 9 9 ; 2 9 2 9 ; 9 5 9 5 ; 9 3 9 3 ; 10 8 10 8 ; 8 10 8 10 ; 6 7 6 7 ; 4 1 4 1 ; 8 4 8 4 ; 3 2 3 2 ; 10 6 10 6 ; 4 7 4 7 ; 4 2 4 2 ; 7 1 7 1 ; 4 9 4 9 ; 6 5 6 5 ; 9 9 9 9 ; 3 9 3 9 ; 3 2 3 2 ; 2 4 2 4 ; 1 1 1 1 ; 5 6 5 6 ; 9 9 9 9 ; 9 8 9 8 ; 4 1 4 1 ; 9 5 9 5 ; 8 3 8 3
22
71 32 78 13 55 48 42
55
8 1 8 1 ; 1 9 1 9 ; 1 5 1 5 ; 9 9 9 9 ; 10 8 10 8 ; 3 3 3 3 ; 1 7 1 7 ; 5 1 5 1 ; 1 2 1 2 ; 9 1 9 1 ; 10 6 10 6 ; 4 2 4 2 ; 7 8 7 8 ; 10 1 10 1 ; 1 2 1 2 ; 6 1 6 1 ; 7 8 7 8 ; 2 7 2 7 ; 3 10 3 10 ; 7 2 7 2 ; 7 10 7 10 ; 6 9 6 9 ; 8 10 8 10 ; 1 10 1 10 ; 1 1 1 1 ; 1 1 1 1 ; 9 6 9 6 ; 2 5 2 5 ; 6 3 6 3 ; 5 8 5 8 ; 7 10 7 10 ; 10 3 10 3 ; 9 1 9 1 ; 2 1 2 1 ; 1 8 1 8 ; 4 9 4 9 ; 9 9 9 9 ; 8 6 8 6 ; 10 8 10 8 ; 8 1 8 1 ; 9 10 9 10 ; 1 7 1 7 ; 5 4 5 4 ; 1 2 1 2 ; 7 5 7 5 ; 1 3 1 3 ; 6 1 6 1 ; 7 4 7 4
-
39 51 76 43
56
4 2 4 2 ; 1 8 1 8 ; 2 10 2 10 ; 8 3 8 3 ; 7 6 7 6 ; 2 6 2 6 ; 3 4 3 4 ; 6 2 6 2 ; 6 4 6 4 ; 8 10 8 10 ; 6 10 6 10 ; 8 10 8 10 ; 10 2 10 2 ; 7 10 7 10 ; 8 3 8 3 ; 1 8 1 8 ; 1 3 1 3 ; 7 4 7 4 ; 2 4 2 4 ; 6 10 6 10 ; 9 10 9 10 ; 8 1 8 1 ; 3 3 3 3 ; 4 9 4 9 ; 7 2 7 2 ; 10 2 10 2 ; 1 7 1 7 ; 4 2 4 2 ; 8 2 8 2 ; 2 7 2 7 ; 6 4 6 4 ; 6 6 6 6 ; 6 2 6 2 ; 10 10 10 10 ; 6 7 6 7 ; 9 6 9 6 ; 6 8 6 8 ; 9 1 9 1 ; 1 2 1 2 ; 9 9 9 9 ; 3 10 3 10 ; 2 5 2 5
-
62 48 16 74 18
57
5 5 5 5 ; 9 10 9 10 ; 1 4 1 4 ; 3 9 3 9 ; 2 10 2 10 ; 10 3 10 3 ; 9 7 9 7 ; 9 10 9 10 ; 3 7 3 7 ; 7 1 7 1 ; 7 9 7 9 ; 2 7 2 7 ; 7 7 7 7 ; 6 9 6 9 ; 1 3 1 3 ; 5 7 5 7 ; 9 5 9 5 ; 6 1 6 1 ; 1 10 1 10 ; 9 2 9 2 ; 10 9 10 9 ; 4 8 4 8 ; 7 4 7 4 ; 9 9 9 9 ; 10 6 10 6 ; 1 8 1 8 ; 4 5 4 5 ; 6 3 6 3 ; 1 3 1 3 ; 3 3 3 3 ; 5 9 5 9 ; 10 3 10 3 ; 4 7 4 7 ; 4 4 4 4 ; 7 2 7 2 ; 7 8 7 8 ; 2 10 2 10 ; 7 9 7 9 ; 5 6 5 6 ; 9 5 9 5 ; 3 10 3 10 ; 4 8 4 8 ; 6 10 6 10 ; 10 6 10 6 ; 2 2 2 2 ; 8 9 8 9
29 43
47 51 28 34 77
58
2 4 2 4 ; 6 1 6 1 ; 4 10 4 10 ; 9 1 9 1 ; 1 8 1 8 ; 7 9 7 9 ; 4 4 4 4 ; 10 8 10 8 ; 6 9 6 9 ; 4 4 4 4 ; 4 3 4 3 ; 5 1 5 1 ; 4 7 4 7 ; 10 2 10 2 ; 1 1 1 1 ; 5 6 5 6 ; 8 10 8 10 ; 8 1 8 1 ; 1 6 1 6 ; 3 2 3 2 ; 5 1 5 1 ; 2 8 2 8 ; 5 1 5 1 ; 8 2 8 2 ; 1 1 1 1 ; 5 6 5 6 ; 5 10 5 10 ; 8 10 8 10 ; 8 8 8 8 ; 4 8 4 8 ; 10 10 10 10 ; 5 7 5 7 ; 1 2 1 2 ; 7 2 7 2 ; 9 1 9 1 ; 3 5 3 5 ; 1 6 1 6 ; 2 5 2 5 ; 7 1 7 1
54 69
22 6 75 10
59
2 2 2 2 ; 9 4 9 4 ; 2 9 2 9 ; 1 1 1 1 ; 4 8 4 8 ; 10 3 10 3 ; 4 6 4 6 ; 3 7 3 7 ; 4 4 4 4 ; 5 4 5 4 ; 8 1 8 1 ; 7 4 7 4 ; 5 3 5 3 ; 2 5 2 5 ; 1 10 1 10 ; 10 4 10 4 ; 4 8 4 8 ; 7 8 7 8 ; 8 10 8 10 ; 10 1 10 1 ; 9 2 9 2 ; 3 3 3 3 ; 7 8 7 8 ; 9 3 9 3 ; 1 6 1 6 ; 8 9 8 9 ; 6 4 6 4 ; 2 2 2 2 ; 7 3 7 3 ; 7 7 7 7 ; 4 8 4 8 ; 10 10 10 10 ; 5 9 5 9 ; 7 5 7 5 ; 8 8 8 8 ; 5 6 5 6 ; 9 10 9 10 ; 10 6 10 6 ; 7 1 7 1 ; 10 7 10 7 ; 6 7 6 7 ; 7 3 7 3 ; 1 10 1 10 ; 5 9 5 9 ; 4 3 4 3 ; 5 8 5 8 ; 10 7 10 7 ; 7 6 7 6 ; 7 5 7 5 ; 10 4 10 4 ; 2 7 2 7 ; 1 1 1 1 ; 6 1 6 1 ; 8 2 8 2 ; 1 7 1 7 ; 10 8 10 8 ; 5 9 5 9 ; 2 7 2 7 ; 8 8 8 8 ; 5 2 5 2 ; 10 2 10 2 ; 1 1 1 1 ; 8 7 8 7 ; 9 4 9 4 ; 1 10 1 10 ; 9 4 9 4
-
53 19 25 57
60
7 4 7 4 ; 3 3 3 3 ; 4 5 4 5 ; 1 6 1 6 ; 2 6 2 6 ; 4 6 4 6 ; 2 1 2 1 ; 3 9 3 9 ; 4 5 4 5 ; 10 4 10 4 ; 7 9 7 9 ; 2 5 2 5 ; 4 4 4 4 ; 7 4 7 4 ; 8 2 8 2 ; 4 3 4 3 ; 5 7 5 7 ; 8 10 8 10 ; 1 8 1 8 ; 7 5 7 5 ; 5 10 5 10 ; 10 7 10 7 ; 3 4 3 4 ; 7 6 7 6 ; 8 6 8 6 ; 2 7 2 7 ; 4 3 4 3 ; 3 9 3 9 ; 9 9 9 9 ; 2 6 2 6 ; 1 5 1 5 ; 10 7 10 7 ; 3 7 3 7 ; 8 6 8 6 ; 5 5 5 5 ; 2 9 2 9 ; 6 3 6 3 ; 7 8 7 8 ; 6 5 6 5 ; 6 6 6 6 ; 10 9 10 9 ; 2 5 2 5 ; 1 4 1 4 ; 5 1 5 1
62
61 73 50 45 80 4
61
6 1 6 1 ; 8 3 8 3 ; 7 4 7 4 ; 10 2 10 2 ; 10 6 10 6 ; 3 1 3 1 ; 2 5 2 5 ; 9 1 9 1 ; 3 4 3 4 ; 8 8 8 8 ; 3 6 3 6 ; 1 10 1 10 ; 9 6 9 6 ; 4 9 4 9 ; 10 2 10 2 ; 7 4 7 4 ; 4 4 4 4 ; 8 10 8 10 ; 7 10 7 10 ; 4 7 4 7 ; 5 6 5 6 ; 9 8 9 8 ; 3 7 3 7 ; 9 5 9 5 ; 10 8 10 8 ; 4 5 4 5 ; 4 6 4 6 ; 4 4 4 4 ; 1 9 1 9 ; 2 1 2 1 ; 10 8 10 8 ; 6 5 6 5 ; 1 4 1 4 ; 7 10 7 10 ; 3 10 3 10 ; 8 9 8 9 ; 7 6 7 6 ; 7 9 7 9 ; 2 7 2 7
-
46 70 24 21 15
62
6 4 6 4 ; 9 5 9 5 ; 3 2 3 2 ; 8 3 8 3 ; 4 8 4 8 ; 5 3 5 3 ; 3 9 3 9 ; 6 8 6 8 ; 5 7 5 7 ; 10 4 10 4 ; 4 9 4 9 ; 1 1 1 1 ; 7 1 7 1 ; 4 3 4 3 ; 6 7 6 7 ; 8 7 8 7 ; 6 7 6 7 ; 2 8 2 8 ; 8 9 8 9 ; 1 3 1 3 ; 8 5 8 5 ; 8 2 8 2 ; 5 5 5 5 ; 10 10 10 10 ; 1 1 1 1 ; 5 6 5 6 ; 1 5 1 5 ; 6 7 6 7 ; 8 1 8 1 ; 1 5 1 5 ; 8 9 8 9 ; 1 3 1 3 ; 5 2 5 2 ; 3 4 3 4 ; 2 3 2 3 ; 7 9 7 9 ; 9 4 9 4 ; 3 3 3 3 ; 8 2 8 2 ; 4 10 4 10 ; 4 9 4 9 ; 5 5 5 5 ; 5 2 5 2 ; 3 2 3 2 ; 2 4 2 4 ; 6 9 6 9 ; 2 7 2 7 ; 4 6 4 6 ; 10 6 10 6 ; 9 4 9 4 ; 10 7 10 7 ; 4 10 4 10 ; 2 6 2 6 ; 4 1 4 1 ; 9 8 9 8 ; 10 3 10 3 ; 8 6 8 6 ; 9 2 9 2 ; 7 1 7 1 ; 6 9 6 9 ; 4 3 4 3 ; 9 7 9 7 ; 9 2 9 2 ; 4 1 4 1 ; 9 3 9 3
-
3 57 16 67 65 15 36
63
2 8 2 8 ; 5 7 5 7 ; 3 5 3 5 ; 5 10 5 10 ; 7 9 7 9 ; 9 2 9 2 ; 9 10 9 10 ; 9 10 9 10 ; 7 9 7 9 ; 5 10 5 10 ; 7 2 7 2 ; 8 1 8 1 ; 5 10 5 10 ; 9 9 9 9 ; 5 9 5 9 ; 2 6 2 6 ; 9 6 9 6 ; 4 1 4 1 ; 10 10 10 10 ; 2 6 2 6 ; 9 10 9 10 ; 10 9 10 9 ; 2 10 2 10 ; 8 8 8 8 ; 8 3 8 3 ; 7 6 7 6 ; 6 7 6 7 ; 6 2 6 2 ; 6 7 6 7 ; 1 3 1 3 ; 7 2 7 2 ; 10 5 10 5 ; 7 3 7 3 ; 6 8 6 8 ; 4 9 4 9 ; 6 4 6 4 ; 9 5 9 5 ; 3 10 3 10 ; 4 10 4 10 ; 9 3 9 3 ; 4 6 4 6 ; 8 1 8 1 ; 2 6 2 6 ; 3 9 3 9 ; 2 3 2 3 ; 3 8 3 8 ; 6 4 6 4 ; 2 4 2 4 ; 8 9 8 9 ; 1 2 1 2 ; 8 6 8 6 ; 5 8 5 8 ; 10 7 10 7
74
45 67 39 70
64
2 9 2 9 ; 4 2 4 2 ; 9 5 9 5 ; 3 4 3 4 ; 7 4 7 4 ; 7 1 7 1 ; 6 6 6 6 ; 6 10 6 10 ; 9 9 9 9 ; 7 8 7 8 ; 9 10 9 10 ; 7 7 7 7 ; 5 4 5 4 ; 8 3 8 3 ; 10 5 10 5 ; 1 6 1 6 ; 3 5 3 5 ; 8 1 8 1 ; 1 2 1 2 ; 4 7 4 7 ; 5 2 5 2 ; 9 3 9 3 ; 7 4 7 4 ; 4 6 4 6 ; 4 2 4 2 ; 3 4 3 4 ; 2 9 2 9 ; 10 6 10 6 ; 2 10 2 10 ; 10 3 10 3 ; 4 1 4 1 ; 10 6 10 6 ; 7 9 7 9 ; 7 7 7 7 ; 1 2 1 2 ; 5 7 5 7 ; 4 3 4 3 ; 1 10 1 10 ; 8 4 8 4 ; 7 1 7 1 ; 6 9 6 9 ; 4 7 4 7 ; 9 6 9 6 ; 4 2 4 2 ; 5 3 5 3 ; 6 8 6 8 ; 5 6 5 6 ; 3 1 3 1 ; 6 1 6 1 ; 9 6 9 6 ; 3 3 3 3 ; 5 8 5 8 ; 7 5 7 5 ; 9 4 9 4 ; 1 6 1 6 ; 4 6 4 6 ; 6 10 6 10 ; 4 5 4 5 ; 5 7 5 7 ; 8 1 8 1 ; 1 4 1 4 ; 8 6 8 6 ; 1 2 1 2 ; 6 6 6 6 ; 3 7 3 7 ; 4 7 4 7
-
7 53 31 16 44
65
7 6 7 6 ; 1 6 1 6 ; 9 5 9 5 ; 1 5 1 5 ; 4 6 4 6 ; 1 10 1 10 ; 2 10 2 10 ; 10 3 10 3 ; 3 9 3 9 ; 10 5 10 5 ; 10 7 10 7 ; 1 4 1 4 ; 3 6 3 6 ; 2 4 2 4 ; 5 7 5 7 ; 9 10 9 10 ; 3 1 3 1 ; 6 1 6 1 ; 5 8 5 8 ; 7 10 7 10 ; 4 9 4 9 ; 1 7 1 7 ; 9 10 9 10 ; 1 3 1 3 ; 8 10 8 10 ; 10 10 10 10 ; 7 2 7 2 ; 3 9 3 9 ; 7 7 7 7 ; 2 3 2 3 ; 3 2 3 2 ; 2 5 2 5 ; 3 9 3 9 ; 8 9 8 9 ; 7 6 7 6 ; 1 2 1 2 ; 5 1 5 1 ; 8 5 8 5 ; 1 9 1 9 ; 9 10 9 10 ; 10 8 10 8 ; 9 6 9 6 ; 9 4 9 4 ; 7 7 7 7 ; 10 10 10 10 ; 9 4 9 4 ; 4 3 4 3 ; 9 8 9 8 ; 1 8 1 8 ; 8 9 8 9 ; 3 8 3 8 ; 10 9 10 9 ; 9 10 9 10 ; 5 1 5 1 ; 8 4 8 4 ; 10 9 10 9 ; 3 1 3 1 ; 5 4 5 4
-
29 20 23 41 74
66
6 2 6 2 ; 1 8 1 8 ; 7 3 7 3 ; 8 6 8 6 ; 5 5 5 5 ; 4 4 4 4 ; 10 1 10 1 ; 5 8 5 8 ; 1 4 1 4 ; 3 1 3 1 ; 3 8 3 8 ; 3 2 3 2 ; 10 3 10 3 ; 8 3 8 3 ; 8 10 8 10 ; 5 4 5 4 ; 3 5 3 5 ; 1 2 1 2 ; 9 1 9 1 ; 7 3 7 3 ; 7 10 7 10 ; 6 6 6 6 ; 3 1 3 1 ; 4 5 4 5 ; 6 8 6 8 ; 6 9 6 9 ; 5 8 5 8 ; 2 4 2 4 ; 2 9 2 9 ; 9 1 9 1 ; 8 3 8 3 ; 4 2 4 2 ; 9 6 9 6 ; 3 7 3 7 ; 6 10 6 10 ; 9 3 9 3 ; 1 5 1 5 ; 8 5 8 5 ; 7 3 7 3 ; 10 4 10 4 ; 10 7 10 7 ; 4 4 4 4 ; 6 5 6 5 ; 10 7 10 7 ; 3 8 3 8
27
48 70 74 1 4 13
67
3 9 3 9 ; 10 7 10 7 ; 6 6 6 6 ; 5 7 5 7 ; 4 7 4 7 ; 8 10 8 10 ; 6 4 6 4 ; 8 1 8 1 ; 3 4 3 4 ; 10 1 10 1 ; 7 6 7 6 ; 6 2 6 2 ; 5 4 5 4 ; 4 4 4 4 ; 2 6 2 6 ; 5 3 5 3 ; 9 4 9 4 ; 2 6 2 6 ; 1 6 1 6 ; 3 4 3 4 ; 4 2 4 2 ; 6 1 6 1 ; 5 5 5 5 ; 1 10 1 10 ; 8 3 8 3 ; 10 5 10 5 ; 8 6 8 6 ; 6 4 6 4 ; 9 1 9 1 ; 7 1 7 1 ; 8 1 8 1 ; 5 8 5 8 ; 6 6 6 6 ; 4 6 4 6 ; 3 8 3 8 ; 1 6 1 6 ; 9 8 9 8 ; 9 5 9 5 ; 3 9 3 9 ; 6 10 6 10 ; 1 6 1 6 ; 6 10 6 10 ; 3 3 3 3 ; 3 3 3 3 ; 4 9 4 9 ; 5 1 5 1 ; 1 2 1 2 ; 9 6 9 6 ; 7 4 7 4 ; 3 2 3 2 ; 1 6 1 6 ; 7 1 7 1 ; 3 5 3 5 ; 5 7 5 7 ; 6 1 6 1 ; 9 8 9 8
-
62 60
68
4 3 4 3 ; 4 2 4 2 ; 9 9 9 9 ; 4 1 4 1 ; 10 4 10 4 ; 9 8 9 8 ; 7 1 7 1 ; 9 7 9 7 ; 8 8 8 8 ; 7 1 7 1 ; 4 4 4 4 ; 7 9 7 9 ; 4 5 4 5 ; 9 3 9 3 ; 1 6 1 6 ; 2 7 2 7 ; 5 7 5 7 ; 10 5 10 5 ; 5 3 5 3 ; 8 6 8 6 ; 7 6 7 6 ; 6 3 6 3 ; 6 4 6 4 ; 2 4 2 4 ; 3 10 3 10 ; 6 7 6 7 ; 3 4 3 4 ; 7 8 7 8 ; 1 5 1 5 ; 10 1 10 1 ; 2 3 2 3 ; 9 9 9 9 ; 10 8 10 8 ; 5 6 5 6 ; 2 2 2 2 ; 4 8 4 8 ; 7 9 7 9 ; 3 3 3 3 ; 4 4 4 4 ; 8 9 8 9 ; 5 5 5 5 ; 5 10 5 10 ; 8 3 8 3 ; 9 8 9 8 ; 10 1 10 1 ; 10 1 10 1 ; 3 8 3 8 ; 9 4 9 4 ; 7 4 7 4 ; 2 9 2 9 ; 5 5 5 5
-
63 73
69
2 5 2 5 ; 5 5 5 5 ; 8 10 8 10 ; 9 4 9 4 ; 9 8 9 8 ; 7 9 7 9 ; 8 6 8 6 ; 9 7 9 7 ; 8 2 8 2 ; 7 7 7 7 ; 7 5 7 5 ; 10 8 10 8 ; 5 6 5 6 ; 4 3 4 3 ; 9 10 9 10 ; 2 4 2 4 ; 2 7 2 7 ; 10 1 10 1 ; 8 10 8 10 ; 5 8 5 8 ; 8 3 8 3 ; 6 5 6 5 ; 10 5 10 5 ; 3 7 3 7 ; 8 1 8 1 ; 3 6 3 6 ; 6 4 6 4 ; 6 2 6 2 ; 2 1 2 1 ; 4 10 4 10 ; 1 8 1 8 ; 6 4 6 4 ; 4 5 4 5 ; 4 3 4 3 ; 5 8 5 8 ; 10 4 10 4 ; 2 5 2 5 ; 10 1 10 1 ; 1 2 1 2 ; 8 10 8 10 ; 5 2 5 2 ; 6 2 6 2
-
47 44 14 31 71
70
9 4 9 4 ; 7 8 7 8 ; 3 4 3 4 ; 3 6 3 6 ; 9 8 9 8 ; 10 1 10 1 ; 4 9 4 9 ; 2 7 2 7 ; 3 8 3 8 ; 6 3 6 3 ; 9 9 9 9 ; 10 8 10 8 ; 3 4 3 4 ; 3 4 3 4 ; 1 5 1 5 ; 7 9 7 9 ; 6 5 6 5 ; 6 10 6 10 ; 8 9 8 9 ; 6 8 6 8 ; 8 7 8 7 ; 10 3 10 3 ; 7 1 7 1 ; 9 9 9 9 ; 8 6 8 6 ; 2 8 2 8 ; 4 3 4 3 ; 6 9 6 9 ; 6 10 6 10 ; 2 6 2 6 ; 7 10 7 10 ; 4 4 4 4 ; 4 2 4 2 ; 3 3 3 3 ; 2 8 2 8 ; 2 1 2 1 ; 4 1 4 1 ; 3 1 3 1 ; 1 3 1 3 ; 1 1 1 1 ; 8 2 8 2 ; 8 3 8 3 ; 7 5 7 5 ; 1 2 1 2 ; 7 5 7 5 ; 10 3 10 3 ; 4 5 4 5 ; 8 10 8 10
-
56 44 20
71
7 5 7 5 ; 6 7 6 7 ; 3 8 3 8 ; 1 5 1 5 ; 1 3 1 3 ; 6 1 6 1 ; 10 7 10 7 ; 10 3 10 3 ; 3 7 3 7 ; 5 7 5 7 ; 5 9 5 9 ; 6 9 6 9 ; 3 10 3 10 ; 6 4 6 4 ; 8 5 8 5 ; 7 6 7 6 ; 2 2 2 2 ; 5 5 5 5 ; 2 5 2 5 ; 1 2 1 2 ; 8 6 8 6 ; 2 9 2 9 ; 5 3 5 3 ; 3 9 3 9 ; 9 8 9 8 ; 5 3 5 3 ; 8 2 8 2 ; 1 10 1 10 ; 4 6 4 6 ; 5 1 5 1 ; 1 2 1 2 ; 6 4 6 4 ; 5 10 5 10 ; 10 6 10 6 ; 7 1 7 1 ; 7 6 7 6 ; 6 10 6 10 ; 4 2 4 2 ; 3 9 3 9 ; 1 1 1 1 ; 6 7 6 7 ; 6 5 6 5 ; 9 8 9 8 ; 7 4 7 4 ; 4 1 4 1 ; 6 6 6 6 ; 2 3 2 3
60
57
72
5 3 5 3 ; 1 9 1 9 ; 3 6 3 6 ; 6 2 6 2 ; 9 8 9 8 ; 4 9 4 9 ; 8 7 8 7 ; 6 4 6 4 ; 4 1 4 1 ; 4 1 4 1 ; 7 7 7 7 ; 6 7 6 7 ; 2 1 2 1 ; 9 5 9 5 ; 10 7 10 7 ; 9 10 9 10 ; 2 1 2 1 ; 10 4 10 4 ; 6 5 6 5 ; 6 6 6 6 ; 4 1 4 1 ; 5 3 5 3 ; 9 10 9 10 ; 9 2 9 2 ; 10 2 10 2 ; 3 6 3 6 ; 1 8 1 8 ; 5 4 5 4 ; 1 5 1 5 ; 10 2 10 2 ; 3 10 3 10 ; 1 4 1 4 ; 10 2 10 2 ; 10 7 10 7 ; 8 7 8 7 ; 5 2 5 2 ; 7 9 7 9 ; 4 8 4 8 ; 10 2 10 2 ; 9 2 9 2 ; 6 3 6 3 ; 9 8 9 8 ; 3 3 3 3 ; 1 5 1 5 ; 7 3 7 3 ; 6 9 6 9 ; 2 8 2 8 ; 5 4 5 4 ; 9 4 9 4 ; 2 6 2 6 ; 10 6 10 6 ; 7 8 7 8 ; 4 3 4 3 ; 5 6 5 6 ; 4 6 4 6 ; 7 1 7 1 ; 10 5 10 5 ; 8 4 8 4 ; 8 9 8 9 ; 8 6 8 6 ; 3 3 3 3 ; 7 6 7 6
43 78
55 59
73
7 10 7 10 ; 3 8 3 8 ; 7 8 7 8 ; 4 4 4 4 ; 4 8 4 8 ; 1 9 1 9 ; 2 8 2 8 ; 7 4 7 4 ; 9 1 9 1 ; 2 3 2 3 ; 10 2 10 2 ; 2 8 2 8 ; 4 5 4 5 ; 4 9 4 9 ; 8 4 8 4 ; 10 8 10 8 ; 9 2 9 2 ; 5 7 5 7 ; 1 10 1 10 ; 10 4 10 4 ; 8 2 8 2 ; 4 1 4 1 ; 1 2 1 2 ; 4 10 4 10 ; 3 5 3 5 ; 4 4 4 4 ; 6 5 6 5 ; 1 1 1 1 ; 1 4 1 4 ; 10 9 10 9 ; 9 9 9 9 ; 8 9 8 9 ; 2 2 2 2 ; 5 2 5 2 ; 3 7 3 7 ; 8 2 8 2 ; 10 3 10 3 ; 2 1 2 1 ; 5 8 5 8 ; 2 9 2 9 ; 4 5 4 5 ; 4 2 4 2 ; 9 5 9 5 ; 2 2 2 2 ; 10 1 10 1 ; 10 1 10 1 ; 1 7 1 7 ; 9 4 9 4
-
20 38
74
1 8 1 8 ; 10 7 10 7 ; 4 1 4 1 ; 9 7 9 7 ; 1 5 1 5 ; 6 2 6 2 ; 5 10 5 10 ; 8 1 8 1 ; 1 7 1 7 ; 7 4 7 4 ; 10 6 10 6 ; 7 9 7 9 ; 6 9 6 9 ; 7 7 7 7 ; 3 6 3 6 ; 10 10 10 10 ; 7 1 7 1 ; 6 2 6 2 ; 1 6 1 6 ; 1 4 1 4 ; 3 6 3 6 ; 5 9 5 9 ; 7 3 7 3 ; 9 9 9 9 ; 1 5 1 5 ; 3 10 3 10 ; 3 9 3 9 ; 10 8 10 8 ; 7 6 7 6 ; 4 1 4 1 ; 1 5 1 5 ; 2 9 2 9 ; 7 7 7 7 ; 3 10 3 10 ; 5 3 5 3 ; 3 9 3 9 ; 10 9 10 9 ; 7 7 7 7 ; 3 8 3 8 ; 5 5 5 5 ; 2 9 2 9
17
79 15 59 11 40 9
75
5 7 5 7 ; 8 2 8 2 ; 9 8 9 8 ; 4 6 4 6 ; 10 3 10 3 ; 2 8 2 8 ; 7 1 7 1 ; 4 1 4 1 ; 3 2 3 2 ; 10 4 10 4 ; 1 8 1 8 ; 6 10 6 10 ; 5 1 5 1 ; 3 3 3 3 ; 6 9 6 9 ; 2 1 2 1 ; 4 9 4 9 ; 2 4 2 4 ; 8 6 8 6 ; 9 7 9 7 ; 10 3 10 3 ; 7 8 7 8 ; 3 10 3 10 ; 8 8 8 8 ; 4 9 4 9 ; 1 6 1 6 ; 9 6 9 6 ; 5 3 5 3 ; 8 7 8 7 ; 5 4 5 4 ; 7 8 7 8 ; 4 10 4 10 ; 8 7 8 7 ; 4 6 4 6 ; 4 2 4 2 ; 4 5 4 5 ; 4 10 4 10 ; 2 9 2 9 ; 2 1 2 1
-
49 16 18 42 76 72 79
76
3 6 3 6 ; 2 10 2 10 ; 5 6 5 6 ; 2 3 2 3 ; 4 8 4 8 ; 6 1 6 1 ; 6 1 6 1 ; 10 3 10 3 ; 9 5 9 5 ; 10 5 10 5 ; 7 4 7 4 ; 9 2 9 2 ; 3 3 3 3 ; 2 6 2 6 ; 5 9 5 9 ; 10 6 10 6 ; 6 1 6 1 ; 5 3 5 3 ; 8 6 8 6 ; 7 4 7 4 ; 4 4 4 4 ; 4 1 4 1 ; 4 5 4 5 ; 5 4 5 4 ; 10 5 10 5 ; 8 8 8 8 ; 10 9 10 9 ; 1 2 1 2 ; 3 3 3 3 ; 10 7 10 7 ; 1 9 1 9 ; 3 9 3 9 ; 2 9 2 9 ; 3 1 3 1 ; 5 9 5 9 ; 4 10 4 10 ; 2 9 2 9 ; 10 7 10 7 ; 6 6 6 6 ; 2 7 2 7
-
23 50 74 39 56
77
10 2 10 2 ; 6 5 6 5 ; 4 8 4 8 ; 4 10 4 10 ; 1 2 1 2 ; 4 9 4 9 ; 5 3 5 3 ; 3 8 3 8 ; 9 1 9 1 ; 1 8 1 8 ; 4 2 4 2 ; 9 2 9 2 ; 7 4 7 4 ; 3 5 3 5 ; 6 6 6 6 ; 8 6 8 6 ; 5 5 5 5 ; 10 8 10 8 ; 5 3 5 3 ; 10 5 10 5 ; 7 5 7 5 ; 5 3 5 3 ; 7 7 7 7 ; 10 7 10 7 ; 9 3 9 3 ; 4 4 4 4 ; 6 4 6 4 ; 7 4 7 4 ; 10 1 10 1 ; 8 7 8 7 ; 7 7 7 7 ; 4 1 4 1 ; 1 6 1 6 ; 1 5 1 5 ; 10 2 10 2 ; 1 8 1 8 ; 6 5 6 5 ; 1 5 1 5 ; 3 2 3 2 ; 1 1 1 1 ; 6 5 6 5 ; 6 1 6 1 ; 10 2 10 2 ; 4 9 4 9 ; 3 3 3 3 ; 7 9 7 9
45 13
43 24 3 75 22
78
5 2 5 2 ; 3 6 3 6 ; 5 4 5 4 ; 7 3 7 3 ; 10 3 10 3 ; 5 4 5 4 ; 6 6 6 6 ; 6 8 6 8 ; 2 10 2 10 ; 4 4 4 4 ; 2 7 2 7 ; 8 2 8 2 ; 9 2 9 2 ; 9 9 9 9 ; 1 9 1 9 ; 10 2 10 2 ; 4 2 4 2 ; 7 10 7 10 ; 6 5 6 5 ; 2 7 2 7 ; 8 6 8 6 ; 2 3 2 3 ; 4 7 4 7 ; 2 5 2 5 ; 9 5 9 5 ; 10 10 10 10 ; 2 9 2 9 ; 1 2 1 2 ; 1 9 1 9 ; 1 1 1 1 ; 9 10 9 10 ; 2 4 2 4 ; 3 10 3 10 ; 4 8 4 8 ; 5 7 5 7 ; 6 2 6 2 ; 5 7 5 7 ; 6 8 6 8 ; 4 7 4 7 ; 4 4 4 4 ; 4 3 4 3
66 56 49
20 19 7 22
79
3 10 3 10 ; 6 10 6 10 ; 4 4 4 4 ; 9 5 9 5 ; 10 2 10 2 ; 4 3 4 3 ; 1 10 1 10 ; 9 7 9 7 ; 3 3 3 3 ; 5 8 5 8 ; 2 8 2 8 ; 7 5 7 5 ; 1 2 1 2 ; 8 5 8 5 ; 8 1 8 1 ; 2 7 2 7 ; 2 7 2 7 ; 7 5 7 5 ; 2 7 2 7 ; 1 1 1 1 ; 8 6 8 6 ; 5 1 5 1 ; 6 4 6 4 ; 9 8 9 8 ; 8 3 8 3 ; 8 10 8 10 ; 3 6 3 6 ; 4 5 4 5 ; 7 3 7 3 ; 10 6 10 6 ; 5 1 5 1 ; 2 6 2 6 ; 9 8 9 8 ; 2 2 2 2 ; 5 4 5 4 ; 3 4 3 4 ; 10 7 10 7 ; 4 7 4 7 ; 2 2 2 2 ; 6 2 6 2
14 8 67
24 16
80
4 8 4 8 ; 6 3 6 3 ; 8 1 8 1 ; 2 3 2 3 ; 5 4 5 4 ; 5 3 5 3 ; 4 4 4 4 ; 6 6 6 6 ; 10 10 10 10 ; 10 4 10 4 ; 1 8 1 8 ; 9 9 9 9 ; 10 3 10 3 ; 4 3 4 3 ; 9 9 9 9 ; 5 7 5 7 ; 10 2 10 2 ; 9 8 9 8 ; 2 3 2 3 ; 10 9 10 9 ; 8 6 8 6 ; 1 2 1 2 ; 10 8 10 8 ; 7 9 7 9 ; 7 6 7 6 ; 4 9 4 9 ; 3 3 3 3 ; 7 4 7 4 ; 7 3 7 3 ; 6 5 6 5 ; 1 10 1 10 ; 3 10 3 10 ; 2 1 2 1 ; 9 5 9 5 ; 5 9 5 9 ; 3 3 3 3 ; 6 5 6 5 ; 4 5 4 5 ; 3 10 3 10 ; 6 1 6 1 ; 7 1 7 1 ; 2 1 2 1 ; 5 8 5 8 ; 5 1 5 1 ; 10 2 10 2
47
63 49 44 24 15 62 5
